JourneyID,CustomerID,ProductID,VisitDate,Stage,Action,Duration
1,64,18,2024-06-10,Checkout,Drop-off,
2,94,11,2025-07-09,Checkout,Drop-off,
3,34,8,2024-06-14,ProductPage,View,235.0
4,33,18,2025-05-28,Checkout,Drop-off,
5,91,10,2023-02-11,Homepage,Click,156.0
6,54,11,2025-12-19,Homepage,View,264.0
7,80,4,2023-08-25,Homepage,View,298.0
8,99,10,2025-07-03,ProductPage,View,287.0
9,31,4,2025-06-13,ProductPage,View,278.0
10,44,16,2025-04-23,ProductPage,View,30.0
11,23,12,2023-08-22,Checkout,Drop-off,
12,97,12,2023-07-28,ProductPage,View,227.0
13,83,5,2024-06-20,Homepage,View,223.0
14,14,13,2025-11-01,ProductPage,View,13.0
15,9,1,2025-11-04,ProductPage,View,292.0
16,14,16,2024-07-17,Homepage,View,46.0
17,67,2,2025-12-11,Homepage,View,185.0
18,70,15,2025-10-13,Homepage,View,191.0
19,9,1,2024-08-15,Homepage,View,187.0
20,44,18,2024-02-19,productpage,View,154.0
21,58,20,2024-03-07,Checkout,Drop-off,
22,12,1,2025-11-19,Homepage,Click,20.0
23,58,1,2023-07-05,Homepage,View,48.0
24,77,6,2025-06-25,Checkout,Drop-off,
25,75,12,2023-11-23,ProductPage,View,239.0
26,78,20,2024-04-17,Homepage,View,129.0
27,36,9,2024-08-10,Homepage,View,214.0
28,1,20,2025-09-26,ProductPage,View,64.0
29,12,17,2025-06-01,Homepage,View,205.0
30,48,2,2023-05-03,ProductPage,View,242.0
31,81,19,2023-04-04,Homepage,View,130.0
32,67,11,2023-09-04,Checkout,Drop-off,
33,2,5,2025-08-10,Homepage,View,26.0
34,55,15,2023-10-26,Homepage,View,233.0
35,60,19,2023-06-21,homepage,Click,162.0
36,17,2,2023-11-20,Checkout,Purchase,137.0
37,38,17,2024-06-18,Checkout,Drop-off,
38,13,18,2023-02-23,ProductPage,View,227.0
39,63,18,2023-08-10,ProductPage,View,233.0
40,4,12,2024-12-22,Homepage,View,110.0
41,92,5,2025-11-23,ProductPage,View,124.0
42,95,10,2025-01-28,Homepage,View,172.0
43,21,8,2025-03-14,Homepage,View,40.0
44,29,3,2024-02-29,Homepage,View,193.0
45,94,6,2023-06-07,productpage,View,118.0
46,30,19,2025-10-27,Homepage,View,210.0
47,30,20,2024-02-18,checkout,Drop-off,
48,52,13,2025-02-01,Homepage,View,241.0
49,93,14,2023-04-09,Homepage,Click,69.0
50,5,9,2024-04-19,Homepage,View,44.0
51,65,8,2025-09-29,ProductPage,View,272.0
52,15,9,2025-08-07,Checkout,Drop-off,
53,24,4,2024-04-05,Homepage,View,182.0
54,9,11,2024-11-19,checkout,Drop-off,
55,1,7,2024-03-17,Checkout,Drop-off,
56,97,11,2023-12-20,Homepage,Click,234.0
57,52,14,2024-12-02,Homepage,View,253.0
58,51,20,2025-03-08,ProductPage,View,174.0
59,32,8,2024-08-19,Homepage,View,238.0
60,19,6,2025-06-17,ProductPage,View,190.0
61,69,20,2025-07-12,Homepage,Click,14.0
62,42,1,2024-10-22,Homepage,View,186.0
63,51,15,2025-05-22,Homepage,View,139.0
64,86,20,2023-07-03,ProductPage,View,77.0
65,54,10,2023-12-23,Homepage,View,101.0
66,52,2,2023-11-16,homepage,Click,242.0
67,25,1,2023-05-21,ProductPage,Click,57.0
68,45,16,2023-04-29,ProductPage,Click,250.0
69,82,19,2025-02-21,ProductPage,Click,158.0
70,75,17,2023-07-07,Homepage,View,297.0
71,40,20,2023-07-13,Checkout,Drop-off,
72,47,15,2023-08-23,Homepage,Click,34.0
73,20,16,2024-09-17,Homepage,View,17.0
74,81,13,2024-09-26,Homepage,Click,291.0
75,93,1,2024-10-01,ProductPage,Click,279.0
76,42,17,2025-05-29,Checkout,Purchase,261.0
77,36,4,2023-06-02,Homepage,Click,100.0
78,46,17,2025-06-15,Checkout,Purchase,122.0
79,75,10,2023-11-13,Homepage,View,244.0
80,64,6,2025-04-06,Homepage,Click,161.0
81,89,15,2025-10-27,Checkout,Purchase,246.0
82,64,2,2025-06-07,Homepage,Click,261.0
83,54,8,2024-01-18,ProductPage,Click,83.0
84,79,15,2025-03-09,Checkout,Purchase,48.0
85,56,4,2023-05-26,Homepage,Click,166.0
86,83,3,2023-09-06,Homepage,View,79.0
87,2,2,2023-09-25,Homepage,View,277.0
88,15,20,2025-12-18,homepage,View,136.0
89,14,9,2025-04-18,Homepage,Click,104.0
90,49,8,2025-03-25,Homepage,View,248.0
91,99,10,2023-12-07,Homepage,Click,244.0
92,88,14,2025-03-09,Homepage,View,29.0
93,43,8,2023-08-22,Checkout,Drop-off,
94,15,18,2024-09-20,Homepage,Click,143.0
95,60,8,2024-09-14,Homepage,View,182.0
96,22,9,2024-07-28,ProductPage,View,212.0
97,92,19,2025-05-26,homepage,View,203.0
98,95,8,2025-05-25,Homepage,Click,68.0
99,58,16,2024-07-06,Checkout,Purchase,87.0
100,92,10,2024-04-06,ProductPage,View,237.0
101,24,12,2024-04-14,Homepage,Click,37.0
102,33,16,2024-04-23,Homepage,View,165.0
103,7,11,2025-12-06,Checkout,Drop-off,
104,51,18,2023-05-03,Homepage,Click,156.0
105,68,2,2023-11-19,Homepage,View,80.0
106,90,11,2024-10-03,productpage,View,96.0
107,76,19,2023-03-15,ProductPage,View,215.0
108,14,5,2023-03-06,ProductPage,View,245.0
109,65,7,2025-08-14,Checkout,Drop-off,
110,20,18,2023-02-07,ProductPage,View,232.0
111,72,12,2023-06-11,homepage,View,264.0
112,30,12,2025-04-16,ProductPage,View,203.0
113,79,18,2025-12-15,Checkout,Drop-off,
114,92,10,2023-06-26,ProductPage,View,38.0
115,38,14,2024-01-07,Homepage,View,297.0
116,27,1,2024-04-29,ProductPage,View,297.0
117,46,5,2025-12-14,ProductPage,View,103.0
118,26,14,2025-04-25,ProductPage,View,71.0
119,93,20,2025-03-13,Homepage,Click,172.0
120,37,17,2024-02-29,Checkout,Purchase,180.0
121,86,5,2025-10-17,homepage,Click,33.0
122,96,19,2025-10-22,ProductPage,Click,201.0
123,59,15,2024-04-10,Homepage,View,93.0
124,10,8,2024-07-27,ProductPage,View,262.0
125,67,19,2025-06-07,Checkout,Drop-off,
126,39,4,2025-01-14,Homepage,Click,142.0
127,5,4,2023-12-11,Homepage,View,287.0
128,34,8,2023-07-03,Homepage,Click,13.0
129,91,20,2025-07-05,Homepage,Click,283.0
130,41,13,2024-09-07,Homepage,Click,73.0
131,98,13,2025-01-09,Homepage,View,15.0
132,68,14,2023-06-17,productpage,View,56.0
133,46,20,2024-06-20,Homepage,View,74.0
134,40,9,2023-12-14,Homepage,Click,34.0
135,52,20,2025-05-03,ProductPage,Click,168.0
136,77,2,2024-05-29,Homepage,View,129.0
137,40,6,2023-02-07,ProductPage,View,85.0
138,26,18,2025-05-11,ProductPage,View,172.0
139,24,5,2025-11-13,Homepage,View,248.0
140,11,12,2024-01-26,checkout,Drop-off,
141,57,7,2024-07-01,ProductPage,View,15.0
142,53,14,2024-05-31,Homepage,Click,10.0
143,95,17,2025-03-13,Homepage,Click,262.0
144,95,12,2025-09-17,Homepage,Click,179.0
145,60,19,2025-10-21,Homepage,Click,62.0
146,86,1,2025-12-07,Homepage,View,208.0
147,86,18,2023-04-21,Homepage,View,294.0
148,15,3,2025-10-22,ProductPage,View,185.0
149,93,7,2024-05-27,ProductPage,View,18.0
150,58,16,2024-04-20,Homepage,Click,263.0
151,79,20,2023-11-04,checkout,Purchase,298.0
152,85,5,2024-07-02,Checkout,Drop-off,
153,39,19,2025-09-19,homepage,Click,253.0
154,85,20,2023-08-04,Homepage,View,22.0
155,82,2,2023-05-12,Homepage,View,195.0
156,26,3,2024-10-18,checkout,Drop-off,
157,96,20,2025-09-10,Homepage,View,86.0
158,17,18,2025-11-19,Homepage,Click,97.0
159,36,7,2024-03-21,ProductPage,Click,160.0
160,83,12,2025-12-20,Checkout,Purchase,240.0
161,17,19,2025-01-15,ProductPage,View,50.0
162,52,10,2024-03-30,ProductPage,View,139.0
163,49,2,2024-02-20,Homepage,View,101.0
164,90,9,2025-10-19,Homepage,Click,226.0
165,93,15,2024-09-18,Homepage,Click,169.0
166,44,13,2024-09-27,Checkout,Purchase,141.0
167,8,4,2023-02-18,ProductPage,View,133.0
168,88,17,2023-04-03,ProductPage,View,274.0
169,40,19,2023-03-03,homepage,View,255.0
170,98,13,2025-10-20,ProductPage,View,33.0
171,29,2,2023-09-09,Homepage,Click,287.0
172,33,8,2023-10-30,ProductPage,Click,212.0
173,64,5,2024-08-28,ProductPage,Click,231.0
174,62,7,2024-12-12,Homepage,Click,299.0
175,82,16,2025-10-17,Checkout,Purchase,291.0
176,80,6,2023-05-12,Checkout,Drop-off,
177,5,17,2024-03-06,ProductPage,View,237.0
178,93,10,2023-02-03,Homepage,View,100.0
179,99,5,2025-06-02,productpage,View,187.0
180,54,17,2024-11-26,Homepage,View,110.0
181,44,20,2025-05-19,Checkout,Drop-off,
182,33,13,2025-04-22,ProductPage,View,248.0
183,54,16,2024-08-21,ProductPage,View,129.0
184,7,11,2024-09-30,ProductPage,View,250.0
185,27,6,2023-12-29,ProductPage,View,165.0
186,25,2,2024-01-04,ProductPage,View,287.0
187,51,14,2025-09-22,Checkout,Drop-off,
188,94,2,2025-01-27,Homepage,View,21.0
189,57,8,2023-08-20,Checkout,Drop-off,
190,90,18,2024-02-14,Homepage,View,257.0
191,40,10,2023-07-19,homepage,Click,100.0
192,82,3,2023-03-31,Checkout,Purchase,118.0
193,88,13,2025-09-22,Homepage,Click,121.0
194,13,11,2025-04-27,Homepage,View,54.0
195,8,4,2025-08-12,Homepage,Click,16.0
196,25,8,2025-08-23,ProductPage,Click,25.0
197,29,9,2024-10-07,ProductPage,Click,295.0
198,70,8,2025-12-23,Homepage,View,275.0
199,43,11,2024-02-02,ProductPage,View,17.0
200,83,18,2024-02-24,ProductPage,View,78.0
201,75,10,2025-04-25,Checkout,Drop-off,
202,87,12,2023-04-22,ProductPage,View,145.0
203,44,11,2024-12-28,Homepage,View,230.0
204,99,20,2025-09-01,Homepage,Click,21.0
205,41,19,2023-03-03,homepage,View,282.0
206,39,5,2023-04-21,ProductPage,View,118.0
207,46,3,2023-02-02,Homepage,Click,224.0
208,43,4,2023-12-30,ProductPage,Drop-off,
209,36,12,2025-10-08,ProductPage,View,246.0
210,63,7,2023-09-07,Checkout,Drop-off,
211,54,9,2024-04-19,ProductPage,View,255.0
212,99,15,2025-03-03,Homepage,View,269.0
213,54,3,2025-03-07,ProductPage,View,145.0
214,33,9,2023-01-10,productpage,View,200.0
215,71,7,2024-06-08,Checkout,Drop-off,
216,33,6,2023-01-05,Checkout,Drop-off,
217,82,16,2023-08-26,Homepage,View,118.0
218,19,3,2025-05-04,Homepage,View,155.0
219,15,10,2024-12-29,Homepage,Click,280.0
220,43,5,2024-07-11,ProductPage,Click,235.0
221,52,12,2025-08-19,Homepage,View,213.0
222,66,15,2024-03-02,Homepage,View,227.0
223,53,1,2024-03-07,ProductPage,View,184.0
224,84,10,2025-03-21,Checkout,Drop-off,
225,12,10,2023-11-27,ProductPage,View,163.0
226,72,20,2023-06-03,Homepage,Click,206.0
227,7,6,2024-05-01,productpage,Click,171.0
228,40,6,2023-01-15,Homepage,Click,174.0
229,16,17,2025-01-30,ProductPage,Drop-off,
230,78,20,2025-11-13,ProductPage,View,176.0
231,61,12,2025-07-31,Homepage,View,206.0
232,81,2,2025-06-28,Checkout,Drop-off,
233,92,15,2023-05-11,ProductPage,View,252.0
234,54,20,2025-02-02,ProductPage,View,191.0
235,33,7,2024-01-25,ProductPage,View,109.0
236,10,11,2025-07-27,Homepage,Click,209.0
237,29,4,2023-06-26,Homepage,Click,260.0
238,93,14,2025-08-29,Homepage,View,153.0
239,60,13,2024-04-28,Checkout,Drop-off,
240,15,9,2023-09-16,Homepage,Click,103.0
241,63,18,2024-06-17,Checkout,Purchase,101.0
242,76,3,2023-01-31,Homepage,View,23.0
243,82,9,2024-04-20,Homepage,Click,255.0
244,3,5,2025-04-24,ProductPage,Click,187.0
245,69,20,2024-04-06,ProductPage,Click,283.0
246,90,4,2024-08-10,ProductPage,Click,154.0
247,26,9,2023-10-26,Homepage,View,97.0
248,35,20,2024-02-23,Homepage,Click,46.0
249,58,7,2023-07-21,Homepage,View,133.0
250,81,13,2025-10-12,ProductPage,View,209.0
251,13,6,2023-12-10,Homepage,View,102.0
252,87,19,2023-01-13,Homepage,View,208.0
253,71,11,2023-01-07,Homepage,Click,279.0
254,12,12,2025-02-09,Homepage,Click,255.0
255,95,9,2024-09-19,ProductPage,Click,239.0
256,32,8,2025-06-04,ProductPage,Click,59.0
257,30,20,2024-10-07,productpage,Click,163.0
258,34,5,2023-11-13,Homepage,View,146.0
259,92,14,2024-10-12,Homepage,Click,16.0
260,100,17,2025-07-15,Homepage,View,265.0
261,23,5,2025-10-07,Homepage,View,239.0
262,52,16,2023-10-07,ProductPage,View,53.0
263,94,8,2024-03-09,ProductPage,View,185.0
264,3,2,2024-09-05,ProductPage,View,222.0
265,99,16,2023-03-09,Homepage,Click,235.0
266,57,9,2024-02-11,Homepage,View,185.0
267,6,7,2025-04-17,Checkout,Drop-off,
268,67,8,2025-02-02,Homepage,View,285.0
269,9,7,2025-11-14,homepage,Click,16.0
270,66,9,2023-06-22,Checkout,Purchase,296.0
271,20,4,2025-08-19,Checkout,Drop-off,
272,17,10,2023-08-03,checkout,Drop-off,
273,87,1,2025-03-22,Checkout,Drop-off,
274,95,19,2023-09-28,checkout,Drop-off,
275,88,13,2023-11-05,Checkout,Drop-off,
276,27,19,2023-11-22,Checkout,Drop-off,
277,63,12,2025-10-06,ProductPage,View,300.0
278,78,8,2024-01-07,ProductPage,View,125.0
279,97,1,2025-02-25,Checkout,Drop-off,
280,69,15,2023-09-17,Homepage,Click,223.0
281,10,4,2025-01-06,Homepage,View,236.0
282,67,12,2024-07-10,Homepage,View,256.0
283,90,14,2025-01-05,productpage,View,106.0
284,88,7,2023-09-25,Homepage,Click,278.0
285,58,4,2024-06-11,Checkout,Purchase,269.0
286,51,19,2023-08-01,Homepage,View,243.0
287,100,13,2023-01-12,Checkout,Drop-off,
288,6,1,2023-04-11,Homepage,Click,128.0
289,90,12,2025-08-15,Checkout,Purchase,148.0
290,49,20,2023-04-13,Checkout,Drop-off,
291,32,6,2023-11-02,homepage,Click,264.0
292,39,15,2023-06-04,ProductPage,Click,201.0
293,18,19,2023-09-08,ProductPage,Click,77.0
294,41,5,2023-07-31,Homepage,Click,121.0
295,92,19,2023-03-28,Checkout,Purchase,220.0
296,50,4,2024-10-14,Checkout,Drop-off,
297,74,4,2024-03-04,homepage,Click,163.0
298,84,10,2024-12-19,Checkout,Purchase,80.0
299,7,9,2025-10-27,Homepage,View,195.0
300,91,16,2023-09-20,Checkout,Drop-off,
301,84,3,2023-01-15,ProductPage,View,148.0
302,14,10,2023-08-16,Checkout,Drop-off,
303,80,9,2024-05-24,Homepage,View,212.0
304,91,12,2023-05-06,ProductPage,View,43.0
305,74,20,2025-09-04,ProductPage,View,41.0
306,71,2,2023-07-14,Homepage,Click,179.0
307,85,11,2025-02-16,ProductPage,Click,209.0
308,80,12,2025-03-12,homepage,Click,178.0
309,38,11,2024-08-16,ProductPage,Click,176.0
310,73,18,2023-11-04,ProductPage,Click,216.0
311,33,19,2024-02-10,ProductPage,Click,67.0
312,9,11,2023-05-15,Checkout,Purchase,165.0
313,85,5,2023-10-07,ProductPage,View,140.0
314,75,11,2024-12-29,Homepage,View,297.0
315,21,6,2023-11-05,Homepage,Click,74.0
316,91,19,2025-11-12,homepage,Click,260.0
317,13,6,2023-03-22,Homepage,View,88.0
318,13,4,2025-02-01,Homepage,View,221.0
319,64,10,2025-07-17,Homepage,View,99.0
320,94,8,2025-11-29,Checkout,Drop-off,
321,10,3,2024-11-24,Checkout,Drop-off,
322,22,18,2024-05-25,ProductPage,View,18.0
323,44,19,2025-04-08,Homepage,View,254.0
324,77,9,2025-03-06,ProductPage,View,275.0
325,47,7,2023-01-31,Checkout,Drop-off,
326,79,19,2024-11-30,Homepage,View,69.0
327,11,14,2024-04-29,Homepage,View,204.0
328,46,16,2024-12-22,ProductPage,View,52.0
329,88,15,2023-02-24,Homepage,Click,221.0
330,3,14,2024-04-11,Checkout,Purchase,249.0
331,2,8,2025-05-07,productpage,View,128.0
332,68,6,2025-02-26,Homepage,View,111.0
333,42,7,2024-05-15,Homepage,Click,217.0
334,43,18,2024-09-24,Homepage,Click,160.0
335,93,16,2024-09-22,ProductPage,Click,248.0
336,74,11,2025-03-08,Homepage,Click,237.0
337,71,1,2024-11-19,Homepage,Click,94.0
338,51,3,2024-06-18,ProductPage,Click,288.0
339,37,6,2024-11-07,ProductPage,Drop-off,
340,63,20,2025-05-22,ProductPage,View,98.0
341,79,11,2025-02-12,Homepage,View,16.0
342,23,17,2024-06-19,ProductPage,View,109.0
343,50,12,2025-07-07,Checkout,Drop-off,
344,77,1,2025-04-05,Homepage,View,14.0
345,27,6,2024-12-22,Checkout,Drop-off,
346,68,11,2024-06-12,Homepage,Click,284.0
347,76,16,2024-06-23,ProductPage,Click,117.0
348,10,5,2025-01-27,Homepage,View,144.0
349,89,4,2023-12-15,ProductPage,View,193.0
350,99,18,2025-02-18,ProductPage,View,103.0
351,65,16,2023-06-19,Homepage,View,18.0
352,98,7,2025-09-01,ProductPage,View,165.0
353,19,10,2024-07-13,Homepage,View,60.0
354,34,3,2023-02-21,Homepage,Click,110.0
355,97,4,2025-02-18,Homepage,Click,22.0
356,65,18,2024-01-26,Homepage,View,234.0
357,11,13,2025-04-02,Homepage,View,174.0
358,62,11,2023-08-09,Homepage,Click,191.0
359,2,17,2024-03-16,Homepage,View,141.0
360,63,18,2023-08-28,Homepage,Click,270.0
361,96,9,2025-10-30,ProductPage,Drop-off,
362,82,10,2023-05-29,Homepage,View,300.0
363,80,10,2023-04-07,ProductPage,View,123.0
364,48,16,2025-09-24,Homepage,View,30.0
365,6,5,2023-06-04,Checkout,Drop-off,
366,37,2,2025-09-08,Checkout,Drop-off,
367,61,18,2023-03-04,Homepage,View,272.0
368,26,10,2025-04-28,ProductPage,View,217.0
369,89,4,2023-03-22,ProductPage,View,192.0
370,15,15,2025-07-25,ProductPage,View,173.0
371,71,11,2023-09-28,ProductPage,View,227.0
372,76,16,2023-01-15,homepage,View,231.0
373,51,19,2024-04-09,Homepage,Click,219.0
374,67,13,2023-08-29,ProductPage,Click,114.0
375,23,2,2025-03-08,Checkout,Purchase,125.0
376,40,1,2025-05-23,productpage,View,216.0
377,86,10,2025-06-25,ProductPage,View,99.0
378,60,1,2023-11-02,ProductPage,View,124.0
379,92,15,2024-11-25,Checkout,Drop-off,
380,1,11,2023-05-29,Checkout,Drop-off,
381,2,3,2024-03-23,ProductPage,View,187.0
382,92,19,2025-06-05,ProductPage,View,260.0
383,55,6,2023-01-03,productpage,View,72.0
384,2,12,2024-09-24,Checkout,Drop-off,
385,90,2,2025-04-15,ProductPage,View,189.0
386,37,6,2023-07-31,ProductPage,View,168.0
387,22,4,2024-12-19,Checkout,Drop-off,
388,40,11,2024-12-02,Homepage,View,11.0
389,63,4,2023-04-14,ProductPage,View,276.0
390,74,7,2023-07-16,Checkout,Drop-off,
391,74,13,2025-04-20,Checkout,Drop-off,
392,50,13,2024-03-16,ProductPage,View,50.0
393,14,5,2024-05-26,ProductPage,View,120.0
394,39,5,2025-04-16,ProductPage,View,143.0
395,73,10,2025-08-19,Homepage,View,59.0
396,62,9,2023-03-14,ProductPage,View,238.0
397,54,15,2023-03-17,Homepage,Click,239.0
398,86,17,2025-03-04,Homepage,View,290.0
399,26,2,2025-08-03,ProductPage,View,108.0
400,28,12,2024-05-30,Homepage,View,45.0
401,86,20,2025-04-04,ProductPage,View,203.0
402,42,4,2024-11-24,Homepage,View,278.0
403,47,2,2023-03-21,ProductPage,View,112.0
404,30,13,2023-04-22,Homepage,View,112.0
405,97,7,2024-08-21,ProductPage,View,40.0
406,27,7,2025-05-09,ProductPage,View,107.0
407,79,6,2024-02-26,Homepage,Click,35.0
408,36,15,2024-01-31,Homepage,Click,182.0
409,90,17,2025-06-28,Homepage,Click,44.0
410,71,12,2023-09-13,Homepage,View,38.0
411,74,19,2023-02-08,Homepage,Click,231.0
412,3,20,2025-08-08,ProductPage,Click,74.0
413,29,5,2023-07-09,ProductPage,Click,235.0
414,24,15,2025-05-06,ProductPage,Drop-off,
415,56,2,2023-10-26,Homepage,View,35.0
416,34,6,2025-09-24,ProductPage,View,151.0
417,50,12,2024-02-04,Homepage,View,205.0
418,97,8,2024-05-04,Checkout,Drop-off,
419,52,7,2023-11-06,Checkout,Drop-off,
420,25,16,2023-09-04,Homepage,Click,204.0
421,25,2,2023-10-22,ProductPage,Click,269.0
422,87,6,2024-10-04,Homepage,View,263.0
423,26,15,2023-06-12,Homepage,Click,121.0
424,94,10,2023-08-14,Checkout,Purchase,164.0
425,60,16,2024-11-21,Homepage,Click,287.0
426,60,20,2025-02-26,ProductPage,Click,158.0
427,98,2,2023-02-08,Homepage,View,262.0
428,48,12,2025-12-04,Homepage,View,242.0
429,100,15,2023-04-02,homepage,Click,97.0
430,7,20,2025-01-19,ProductPage,Click,63.0
431,66,12,2025-08-30,ProductPage,Click,229.0
432,73,3,2023-08-22,ProductPage,Click,27.0
433,20,18,2025-11-27,ProductPage,Click,205.0
434,46,4,2023-09-29,Homepage,View,94.0
435,45,8,2024-12-20,ProductPage,View,134.0
436,91,20,2024-05-15,ProductPage,View,206.0
437,43,14,2025-06-08,Homepage,Click,164.0
438,73,10,2024-11-10,Homepage,Click,45.0
439,87,12,2024-02-29,Homepage,View,252.0
440,2,7,2025-10-12,ProductPage,View,187.0
441,3,5,2023-05-23,ProductPage,View,51.0
442,74,13,2023-10-25,Homepage,View,164.0
443,98,5,2023-09-04,Checkout,Drop-off,
444,76,18,2025-01-27,Homepage,Click,220.0
445,4,3,2025-05-09,ProductPage,Click,235.0
446,92,13,2024-04-04,Homepage,Click,108.0
447,64,11,2024-01-15,Checkout,Purchase,65.0
448,27,4,2023-09-30,ProductPage,View,279.0
449,15,8,2025-04-10,ProductPage,View,83.0
450,68,16,2023-11-02,ProductPage,View,20.0
451,17,14,2025-11-27,Homepage,View,142.0
452,86,4,2024-10-07,Checkout,Drop-off,
453,49,17,2023-02-13,Homepage,View,188.0
454,93,3,2023-06-01,Homepage,View,268.0
455,79,10,2025-04-13,ProductPage,View,126.0
456,93,20,2023-09-09,Checkout,Drop-off,
457,33,19,2023-09-29,Homepage,Click,71.0
458,94,2,2025-01-20,Checkout,Purchase,192.0
459,58,7,2024-10-12,Homepage,View,159.0
460,45,3,2023-02-17,Homepage,Click,96.0
461,19,5,2024-09-05,Checkout,Purchase,176.0
462,59,6,2025-04-14,ProductPage,View,199.0
463,32,17,2023-02-03,ProductPage,View,185.0
464,32,1,2023-10-10,ProductPage,View,153.0
465,27,1,2025-08-26,ProductPage,View,228.0
466,35,20,2025-07-29,ProductPage,View,200.0
467,32,3,2025-10-14,ProductPage,View,37.0
468,3,19,2025-06-25,Homepage,View,215.0
469,18,16,2025-11-27,ProductPage,View,33.0
470,76,16,2024-01-23,Homepage,Click,28.0
471,14,16,2024-02-01,ProductPage,Click,10.0
472,28,14,2025-03-09,ProductPage,Click,94.0
473,76,2,2025-03-21,ProductPage,Click,168.0
474,59,3,2023-03-24,ProductPage,Click,72.0
475,91,6,2025-02-13,Homepage,Click,90.0
476,80,4,2024-08-22,Homepage,Click,41.0
477,94,11,2025-04-10,ProductPage,Click,56.0
478,80,7,2025-08-27,productpage,Click,225.0
479,63,17,2023-01-17,ProductPage,Click,296.0
480,30,12,2025-10-23,Homepage,Click,29.0
481,43,7,2025-06-17,ProductPage,Click,261.0
482,72,4,2025-12-14,ProductPage,Click,126.0
483,86,17,2024-10-02,Homepage,View,153.0
484,98,7,2023-08-30,Homepage,Click,222.0
485,100,4,2023-03-05,ProductPage,Click,101.0
486,91,16,2023-06-17,Homepage,View,226.0
487,35,19,2023-05-07,Checkout,Drop-off,
488,72,16,2023-08-21,Checkout,Drop-off,
489,57,16,2024-03-23,Homepage,View,266.0
490,53,13,2025-03-28,ProductPage,View,108.0
491,77,19,2023-05-14,Checkout,Drop-off,
492,69,20,2025-05-16,productpage,View,186.0
493,32,7,2024-04-23,Checkout,Drop-off,
494,29,6,2024-10-27,Checkout,Drop-off,
495,43,2,2023-02-04,Checkout,Drop-off,
496,76,20,2024-12-08,homepage,Click,66.0
497,55,15,2024-05-18,Homepage,View,83.0
498,33,20,2024-09-21,Checkout,Drop-off,
499,95,18,2024-01-24,ProductPage,View,112.0
500,29,8,2025-07-31,Homepage,Click,277.0
501,57,17,2023-10-19,Homepage,View,14.0
502,10,3,2023-08-19,ProductPage,View,134.0
503,35,9,2023-02-18,homepage,Click,239.0
504,4,13,2025-02-08,Homepage,Click,281.0
505,15,11,2023-02-16,Homepage,Click,167.0
506,100,17,2023-08-20,Homepage,View,69.0
507,90,17,2025-01-02,ProductPage,View,259.0
508,48,15,2024-09-13,ProductPage,View,64.0
509,42,16,2025-11-27,ProductPage,View,53.0
510,14,14,2023-12-21,Checkout,Drop-off,
511,65,3,2025-05-23,ProductPage,View,40.0
512,67,11,2025-11-04,Homepage,Click,229.0
513,91,17,2024-04-18,ProductPage,Click,195.0
514,24,3,2024-06-18,productpage,Click,38.0
515,49,3,2025-05-23,Homepage,View,231.0
516,14,15,2023-09-26,Checkout,Drop-off,
517,55,10,2025-01-07,Homepage,View,19.0
518,89,12,2023-07-09,Homepage,View,56.0
519,99,1,2024-03-14,ProductPage,View,206.0
520,42,16,2025-07-13,Checkout,Drop-off,
521,12,13,2024-03-25,Checkout,Drop-off,
522,78,19,2023-06-15,Homepage,View,101.0
523,85,2,2025-10-08,Homepage,Click,240.0
524,34,13,2023-04-12,Homepage,View,65.0
525,34,10,2023-07-24,ProductPage,View,61.0
526,87,9,2025-05-17,Checkout,Drop-off,
527,66,14,2025-06-20,ProductPage,View,33.0
528,38,6,2024-11-19,ProductPage,View,156.0
529,83,14,2025-09-20,ProductPage,View,173.0
530,76,8,2023-03-06,Homepage,View,159.0
531,20,3,2025-05-22,Homepage,Click,264.0
532,98,12,2023-06-11,ProductPage,Click,278.0
533,33,11,2023-01-29,Checkout,Purchase,84.0
534,59,7,2025-01-16,Homepage,Click,224.0
535,4,7,2025-03-31,Homepage,View,135.0
536,55,17,2025-06-30,ProductPage,View,272.0
537,52,6,2025-04-01,productpage,View,291.0
538,25,9,2024-04-11,Homepage,View,232.0
539,18,1,2023-02-27,productpage,View,139.0
540,28,6,2024-05-27,Homepage,Click,122.0
541,70,1,2023-11-12,Checkout,Purchase,194.0
542,43,2,2023-05-02,Homepage,View,16.0
543,7,7,2024-06-26,Checkout,Drop-off,
544,58,3,2024-04-20,ProductPage,View,89.0
545,81,19,2024-02-24,Homepage,View,248.0
546,77,2,2025-03-21,Homepage,View,257.0
547,15,7,2023-05-24,ProductPage,View,13.0
548,84,17,2023-04-09,Homepage,View,254.0
549,50,4,2023-08-18,Homepage,View,110.0
550,77,14,2025-06-14,Checkout,Drop-off,
551,94,11,2023-06-22,Homepage,Click,115.0
552,93,7,2023-10-27,Homepage,Click,146.0
553,39,16,2024-05-18,Homepage,Click,119.0
554,95,7,2023-03-17,Homepage,View,266.0
555,53,5,2023-09-14,Homepage,View,247.0
556,97,12,2024-08-15,ProductPage,View,111.0
557,8,12,2025-07-16,Checkout,Drop-off,
558,42,17,2024-03-31,Checkout,Drop-off,
559,88,7,2025-12-11,Checkout,Drop-off,
560,53,8,2024-12-05,ProductPage,View,129.0
561,1,20,2025-07-04,Homepage,Click,225.0
562,17,20,2024-02-04,Homepage,Click,46.0
563,65,20,2023-08-18,ProductPage,Click,283.0
564,19,16,2025-06-02,ProductPage,Click,252.0
565,26,2,2023-11-16,Homepage,Click,64.0
566,25,12,2025-09-27,Checkout,Purchase,188.0
567,97,10,2025-09-02,homepage,View,105.0
568,95,3,2023-07-25,Homepage,View,155.0
569,4,9,2025-05-09,ProductPage,View,54.0
570,29,5,2025-11-25,ProductPage,View,193.0
571,10,15,2025-01-05,Homepage,View,48.0
572,36,20,2024-03-07,Homepage,View,26.0
573,50,13,2024-05-19,Checkout,Drop-off,
574,69,6,2023-10-05,Homepage,View,56.0
575,98,20,2023-01-30,Homepage,Click,72.0
576,97,17,2025-08-13,ProductPage,Click,68.0
577,1,1,2025-12-17,Homepage,Click,115.0
578,84,18,2025-04-17,Checkout,Purchase,109.0
579,76,6,2024-02-18,homepage,View,55.0
580,90,16,2025-01-04,Homepage,Click,237.0
581,99,9,2023-02-11,ProductPage,Click,48.0
582,59,2,2024-06-06,ProductPage,Click,61.0
583,73,15,2023-10-24,Homepage,View,96.0
584,75,7,2023-03-19,Homepage,View,167.0
585,2,9,2023-01-12,Homepage,View,250.0
586,68,5,2024-08-06,Homepage,View,214.0
587,73,20,2025-01-19,Homepage,Click,210.0
588,49,4,2025-09-28,Checkout,Purchase,178.0
589,93,11,2024-11-11,Homepage,View,190.0
590,34,10,2024-05-25,Homepage,View,124.0
591,52,6,2023-06-29,Homepage,Click,171.0
592,53,14,2023-03-20,ProductPage,Click,250.0
593,68,11,2024-01-20,Checkout,Purchase,201.0
594,55,1,2025-05-27,Homepage,Click,88.0
595,100,8,2025-04-17,homepage,Click,95.0
596,54,20,2024-03-16,ProductPage,Click,18.0
597,69,16,2025-03-24,productpage,Click,280.0
598,68,1,2025-09-26,Homepage,View,135.0
599,80,16,2025-11-12,homepage,View,229.0
600,21,11,2023-03-16,Homepage,View,123.0
601,67,1,2024-01-01,ProductPage,View,15.0
602,13,13,2024-11-05,Homepage,View,98.0
603,59,7,2025-05-14,Homepage,View,214.0
604,45,16,2025-07-30,productpage,View,261.0
605,91,4,2025-07-27,ProductPage,View,252.0
606,74,3,2023-04-26,ProductPage,View,108.0
607,38,18,2023-12-10,Checkout,Drop-off,
608,74,3,2024-12-10,ProductPage,View,201.0
609,36,14,2023-12-23,ProductPage,View,117.0
610,13,6,2023-02-24,Checkout,Drop-off,
611,11,13,2025-08-30,ProductPage,View,196.0
612,75,4,2025-05-26,ProductPage,View,106.0
613,10,7,2023-10-17,Homepage,View,245.0
614,52,3,2025-10-10,Homepage,Click,170.0
615,44,11,2025-11-28,Homepage,Click,245.0
616,64,16,2023-03-07,Checkout,Purchase,214.0
617,69,8,2024-08-21,ProductPage,View,228.0
618,34,20,2024-10-07,Homepage,View,103.0
619,23,10,2023-03-21,ProductPage,View,300.0
620,99,1,2024-07-05,ProductPage,View,226.0
621,66,8,2023-08-11,Homepage,View,137.0
622,72,8,2023-07-19,Homepage,View,169.0
623,58,20,2024-01-23,ProductPage,View,184.0
624,46,17,2024-02-17,Homepage,View,33.0
625,57,1,2023-06-15,ProductPage,View,198.0
626,75,10,2023-09-16,Checkout,Drop-off,
627,94,7,2024-09-09,ProductPage,View,271.0
628,38,3,2024-02-08,Checkout,Drop-off,
629,96,2,2025-10-09,ProductPage,View,196.0
630,63,7,2025-03-14,Homepage,Click,134.0
631,30,4,2025-09-28,Homepage,View,221.0
632,53,3,2024-07-11,Homepage,View,227.0
633,30,3,2023-02-26,Checkout,Drop-off,
634,84,5,2025-12-20,homepage,Click,198.0
635,87,1,2025-04-16,Checkout,Purchase,93.0
636,18,12,2023-07-19,Checkout,Drop-off,
637,12,20,2024-08-26,Homepage,View,122.0
638,46,11,2023-01-27,Homepage,Click,244.0
639,31,7,2024-06-21,ProductPage,Click,283.0
640,61,15,2024-11-12,ProductPage,Click,255.0
641,88,3,2023-12-15,Homepage,Click,61.0
642,16,15,2025-11-16,ProductPage,Click,248.0
643,59,16,2023-02-15,ProductPage,Click,136.0
644,67,10,2024-05-05,Homepage,Click,95.0
645,76,2,2023-06-19,Checkout,Purchase,108.0
646,68,20,2025-11-04,Homepage,View,62.0
647,15,2,2024-09-22,Homepage,View,96.0
648,93,20,2025-01-13,homepage,View,205.0
649,63,16,2025-12-12,Homepage,View,24.0
650,10,8,2025-06-17,Homepage,View,257.0
651,97,13,2024-06-07,ProductPage,View,13.0
652,95,9,2023-03-31,Homepage,Click,175.0
653,18,16,2024-04-19,productpage,Click,147.0
654,56,17,2024-03-12,ProductPage,Click,267.0
655,74,5,2024-02-11,ProductPage,Click,194.0
656,84,2,2025-10-31,ProductPage,Drop-off,
657,55,13,2023-04-08,ProductPage,View,105.0
658,92,9,2023-07-01,ProductPage,View,29.0
659,70,17,2025-05-20,Checkout,Drop-off,
660,38,4,2024-01-29,Homepage,View,172.0
661,68,12,2025-04-26,ProductPage,View,149.0
662,73,6,2023-04-26,ProductPage,View,195.0
663,72,6,2025-06-16,Checkout,Drop-off,
664,41,18,2025-01-30,ProductPage,View,59.0
665,64,19,2025-03-24,Homepage,View,114.0
666,67,13,2025-03-24,Homepage,View,172.0
667,55,1,2023-01-28,ProductPage,View,204.0
668,92,3,2023-04-19,checkout,Drop-off,
669,52,5,2023-03-01,Homepage,View,173.0
670,15,18,2024-02-28,productpage,View,88.0
671,13,8,2023-12-12,homepage,View,263.0
672,23,11,2024-06-15,Homepage,Click,26.0
673,80,1,2023-04-02,Homepage,View,169.0
674,90,12,2024-06-03,Homepage,Click,83.0
675,35,4,2024-01-03,Homepage,View,268.0
676,67,8,2023-01-15,ProductPage,View,91.0
677,83,8,2025-12-23,Homepage,Click,262.0
678,48,19,2025-08-30,Homepage,Click,161.0
679,97,14,2023-08-19,Checkout,Purchase,156.0
680,86,13,2023-10-03,Checkout,Drop-off,
681,81,16,2023-01-15,Homepage,Click,290.0
682,5,4,2023-04-20,ProductPage,Click,127.0
683,35,19,2024-04-28,Homepage,View,221.0
684,61,2,2023-05-27,Checkout,Drop-off,
685,1,12,2023-07-11,Homepage,View,22.0
686,68,4,2024-07-29,Homepage,View,90.0
687,90,6,2023-09-24,Homepage,View,10.0
688,18,7,2025-05-06,Homepage,View,23.0
689,23,5,2024-01-09,Checkout,Drop-off,
690,47,20,2023-01-29,Checkout,Drop-off,
691,42,1,2025-04-29,ProductPage,View,196.0
692,20,8,2023-04-19,ProductPage,View,16.0
693,98,16,2025-04-27,ProductPage,View,242.0
694,83,10,2025-10-03,ProductPage,View,138.0
695,37,3,2025-08-31,Homepage,View,268.0
696,61,16,2023-04-19,ProductPage,View,179.0
697,44,15,2024-09-09,Checkout,Drop-off,
698,75,5,2025-01-19,ProductPage,View,287.0
699,39,15,2024-01-31,Homepage,View,168.0
700,77,20,2023-09-21,Checkout,Drop-off,
701,60,1,2024-12-05,ProductPage,View,163.0
702,13,2,2023-01-28,ProductPage,View,161.0
703,60,16,2023-08-30,Homepage,View,23.0
704,14,13,2023-08-24,Checkout,Drop-off,
705,26,2,2025-01-01,ProductPage,View,124.0
706,96,1,2025-05-18,Homepage,View,98.0
707,69,4,2024-02-29,Homepage,Click,199.0
708,63,16,2023-11-24,Homepage,Click,145.0
709,6,13,2024-04-28,Homepage,Click,196.0
710,82,19,2024-07-28,Homepage,View,252.0
711,87,6,2023-07-11,ProductPage,View,108.0
712,56,17,2025-09-06,Homepage,Click,26.0
713,45,15,2025-10-06,Homepage,View,22.0
714,86,18,2024-04-23,ProductPage,View,183.0
715,87,4,2025-07-03,Homepage,View,69.0
716,93,6,2023-06-29,ProductPage,View,35.0
717,33,11,2023-06-20,Checkout,Drop-off,
718,60,13,2023-09-22,Homepage,Click,179.0
719,91,18,2024-02-18,Homepage,View,182.0
720,16,11,2023-09-03,Homepage,View,195.0
721,68,9,2024-02-14,ProductPage,View,163.0
722,48,6,2024-08-04,ProductPage,View,14.0
723,80,7,2024-05-09,Homepage,View,258.0
724,26,19,2024-08-25,Homepage,Click,286.0
725,58,16,2025-04-28,ProductPage,Click,45.0
726,32,2,2024-12-03,homepage,Click,118.0
727,48,19,2023-02-15,Homepage,View,98.0
728,29,19,2024-09-12,Homepage,View,159.0
729,59,13,2023-01-21,ProductPage,View,139.0
730,23,13,2023-06-10,Checkout,Drop-off,
731,30,9,2023-06-18,productpage,View,49.0
732,68,16,2023-03-12,ProductPage,View,213.0
733,83,16,2023-09-28,ProductPage,View,262.0
734,73,12,2023-01-28,Homepage,View,175.0
735,73,17,2024-08-17,homepage,View,254.0
736,24,3,2024-12-25,ProductPage,View,226.0
737,46,14,2024-09-05,Checkout,Drop-off,
738,73,3,2025-11-16,ProductPage,View,274.0
739,32,7,2023-05-28,Checkout,Drop-off,
740,66,6,2025-05-03,Homepage,Click,16.0
741,49,1,2025-11-04,ProductPage,Click,35.0
742,8,9,2023-06-04,Homepage,View,79.0
743,20,17,2025-04-07,ProductPage,View,283.0
744,78,1,2024-06-27,Checkout,Drop-off,
745,44,1,2023-06-15,Homepage,Click,115.0
746,32,20,2024-08-25,Homepage,View,127.0
747,61,10,2025-12-28,Homepage,View,184.0
748,10,16,2023-11-16,Homepage,View,246.0
749,86,17,2023-06-18,Checkout,Drop-off,
750,26,8,2025-02-19,Checkout,Drop-off,
751,39,3,2024-05-20,Checkout,Drop-off,
752,71,20,2024-06-29,Homepage,View,178.0
753,62,5,2025-09-05,Homepage,View,84.0
754,23,2,2025-08-17,Homepage,View,168.0
755,87,4,2023-07-15,ProductPage,View,111.0
756,13,3,2024-08-20,Checkout,Drop-off,
757,65,4,2025-07-04,Homepage,View,153.0
758,39,19,2024-06-07,Checkout,Drop-off,
759,25,19,2024-10-31,ProductPage,View,87.0
760,14,3,2024-04-22,ProductPage,View,227.0
761,68,11,2025-08-06,Checkout,Drop-off,
762,1,19,2024-06-07,Checkout,Drop-off,
763,84,7,2023-05-10,ProductPage,View,15.0
764,28,6,2023-07-28,Homepage,View,271.0
765,70,3,2024-05-28,ProductPage,View,87.0
766,15,7,2025-07-04,Checkout,Drop-off,
767,32,20,2024-06-13,homepage,View,191.0
768,70,19,2025-12-20,checkout,Drop-off,
769,60,5,2025-03-21,Homepage,View,12.0
770,62,1,2025-02-02,Homepage,Click,113.0
771,67,10,2024-12-11,productpage,Drop-off,
772,45,12,2024-05-22,ProductPage,View,252.0
773,28,10,2025-02-10,ProductPage,View,102.0
774,76,3,2024-09-23,Checkout,Drop-off,
775,75,4,2023-07-10,ProductPage,View,224.0
776,83,16,2025-07-21,Checkout,Drop-off,
777,81,17,2024-06-08,Homepage,View,210.0
778,25,10,2025-02-19,ProductPage,View,264.0
779,18,1,2024-02-29,Homepage,Click,113.0
780,67,4,2024-01-03,ProductPage,Click,131.0
781,99,2,2024-07-14,Homepage,Click,233.0
782,94,7,2024-07-10,Homepage,View,230.0
783,76,6,2025-02-08,Homepage,View,22.0
784,96,16,2024-09-20,Homepage,View,13.0
785,21,14,2024-03-31,Checkout,Drop-off,
786,38,8,2024-01-04,Checkout,Drop-off,
787,13,2,2024-03-23,ProductPage,View,118.0
788,96,13,2025-11-01,Checkout,Drop-off,
789,12,7,2023-10-22,Homepage,Click,246.0
790,81,9,2023-12-03,Homepage,Click,187.0
791,69,5,2025-06-14,Homepage,View,111.0
792,72,4,2024-12-29,Homepage,View,294.0
793,22,13,2025-09-24,Homepage,View,238.0
794,57,7,2025-09-14,Checkout,Drop-off,
795,64,1,2023-01-13,Homepage,View,118.0
796,34,14,2024-06-06,ProductPage,View,277.0
797,85,10,2023-10-31,Checkout,Drop-off,
798,38,18,2023-11-30,Checkout,Drop-off,
799,95,8,2024-05-26,Homepage,View,204.0
800,97,1,2023-04-05,Checkout,Drop-off,
801,42,17,2025-03-02,ProductPage,View,282.0
802,61,8,2025-05-06,Homepage,View,257.0
803,79,9,2025-10-07,ProductPage,View,292.0
804,69,1,2024-10-02,ProductPage,View,226.0
805,99,7,2024-12-21,Homepage,View,137.0
806,39,15,2025-11-05,ProductPage,View,166.0
807,8,16,2024-06-07,Homepage,Click,94.0
808,24,16,2025-04-30,ProductPage,Click,276.0
809,27,17,2025-05-06,Checkout,Purchase,196.0
810,37,18,2023-12-26,ProductPage,View,87.0
811,30,6,2024-08-18,Homepage,View,55.0
812,49,9,2023-11-26,Homepage,View,191.0
813,23,1,2023-04-06,Checkout,Drop-off,
814,53,10,2025-07-11,Homepage,Click,63.0
815,100,10,2023-07-18,Checkout,Purchase,167.0
816,1,20,2023-12-17,Homepage,Click,71.0
817,98,2,2024-12-23,checkout,Purchase,46.0
818,80,3,2023-04-24,Homepage,View,206.0
819,24,9,2025-01-25,Homepage,Click,144.0
820,19,1,2024-03-24,Homepage,Click,90.0
821,96,12,2024-07-28,Checkout,Purchase,82.0
822,84,12,2025-05-19,Homepage,Click,211.0
823,95,10,2024-01-18,Checkout,Purchase,279.0
824,73,4,2025-04-03,ProductPage,View,130.0
825,22,4,2025-10-31,ProductPage,View,80.0
826,18,4,2024-10-23,ProductPage,View,27.0
827,78,20,2024-10-23,ProductPage,View,68.0
828,84,3,2025-04-09,Checkout,Drop-off,
829,8,8,2023-03-21,Homepage,Click,295.0
830,61,19,2024-04-27,Homepage,Click,223.0
831,42,3,2025-02-17,Homepage,View,257.0
832,2,15,2023-11-26,ProductPage,View,14.0
833,10,13,2024-09-07,Homepage,View,223.0
834,79,15,2024-10-19,ProductPage,View,12.0
835,87,1,2024-09-30,ProductPage,View,84.0
836,54,8,2025-02-22,ProductPage,View,94.0
837,64,10,2025-10-02,Homepage,Click,233.0
838,82,13,2023-01-05,ProductPage,Click,267.0
839,40,4,2023-08-13,Homepage,View,59.0
840,70,17,2025-04-10,ProductPage,View,231.0
841,27,6,2025-10-18,ProductPage,View,244.0
842,34,9,2025-01-30,Homepage,View,39.0
843,12,10,2023-08-08,ProductPage,View,30.0
844,82,16,2023-08-09,ProductPage,View,162.0
845,68,20,2025-08-05,Homepage,Click,236.0
846,43,10,2024-03-21,Homepage,View,99.0
847,47,10,2025-08-20,Checkout,Drop-off,
848,83,16,2024-01-03,Checkout,Drop-off,
849,21,15,2025-09-27,Homepage,View,177.0
850,5,15,2023-08-04,ProductPage,View,87.0
851,88,10,2023-08-10,Homepage,View,195.0
852,12,9,2024-10-14,checkout,Drop-off,
853,69,12,2024-11-02,ProductPage,View,91.0
854,59,8,2023-08-12,ProductPage,View,40.0
855,96,1,2025-02-20,Homepage,View,129.0
856,77,5,2024-12-09,Homepage,View,75.0
857,51,13,2023-07-18,checkout,Drop-off,
858,25,7,2023-06-12,Checkout,Drop-off,
859,27,4,2023-07-11,homepage,Click,249.0
860,37,8,2025-04-29,Checkout,Drop-off,
861,86,4,2024-12-18,Homepage,View,200.0
862,46,9,2024-07-05,Homepage,View,269.0
863,43,6,2023-08-13,ProductPage,View,208.0
864,89,19,2023-06-28,Checkout,Drop-off,
865,78,1,2023-06-19,ProductPage,View,65.0
866,17,19,2024-01-01,Homepage,View,204.0
867,10,4,2024-01-11,Homepage,View,219.0
868,29,4,2025-11-25,Homepage,Click,41.0
869,81,6,2023-11-13,ProductPage,Click,87.0
870,16,16,2025-08-21,ProductPage,Click,35.0
871,60,19,2024-07-21,ProductPage,Click,57.0
872,85,19,2024-11-05,ProductPage,Click,61.0
873,52,15,2023-04-04,ProductPage,Click,74.0
874,20,4,2024-12-17,Checkout,Purchase,296.0
875,90,17,2023-01-25,Checkout,Drop-off,
876,32,17,2025-02-04,Homepage,View,211.0
877,2,14,2025-11-14,Checkout,Drop-off,
878,68,7,2023-06-14,ProductPage,View,67.0
879,64,15,2023-03-20,checkout,Drop-off,
880,85,2,2023-05-18,Homepage,Click,93.0
881,97,9,2024-03-16,Checkout,Purchase,180.0
882,54,16,2023-11-28,ProductPage,View,56.0
883,34,20,2023-04-01,ProductPage,View,276.0
884,49,19,2025-01-30,Checkout,Drop-off,
885,76,4,2025-08-04,Checkout,Drop-off,
886,48,9,2023-02-26,Homepage,View,237.0
887,62,7,2023-01-23,Checkout,Drop-off,
888,20,8,2025-09-04,ProductPage,View,123.0
889,87,5,2024-09-13,Homepage,View,27.0
890,92,10,2023-09-13,Homepage,Click,259.0
891,58,17,2025-02-26,Homepage,View,182.0
892,32,11,2024-06-17,Homepage,View,118.0
893,53,12,2025-03-26,ProductPage,View,176.0
894,63,2,2024-08-20,Homepage,Click,193.0
895,27,13,2025-10-05,Homepage,View,232.0
896,8,16,2023-06-26,productpage,View,273.0
897,19,1,2024-05-07,Homepage,View,236.0
898,94,15,2025-10-14,Homepage,Click,95.0
899,44,9,2024-10-05,Checkout,Purchase,170.0
900,68,9,2023-05-01,Homepage,View,119.0
901,95,20,2023-05-11,Checkout,Drop-off,
902,57,8,2023-09-08,Homepage,View,159.0
903,38,13,2024-07-03,Homepage,View,270.0
904,50,8,2023-06-13,Homepage,Click,200.0
905,92,6,2024-10-04,Homepage,View,97.0
906,55,1,2024-05-04,Homepage,View,89.0
907,28,17,2025-11-30,ProductPage,View,180.0
908,45,7,2023-07-12,ProductPage,View,107.0
909,55,12,2023-11-20,Checkout,Drop-off,
910,85,11,2023-09-26,ProductPage,View,33.0
911,57,20,2023-01-23,Homepage,View,209.0
912,51,15,2025-03-08,Homepage,Click,176.0
913,60,12,2025-04-16,Homepage,View,265.0
914,53,16,2024-12-30,Checkout,Drop-off,
915,69,18,2025-07-16,ProductPage,View,276.0
916,49,18,2024-10-29,Homepage,Click,187.0
917,4,19,2023-10-08,ProductPage,Click,55.0
918,92,9,2024-01-19,Checkout,Drop-off,
919,24,3,2024-07-10,ProductPage,View,158.0
920,20,11,2025-12-04,Checkout,Drop-off,
921,57,10,2025-01-28,homepage,View,156.0
922,4,4,2024-08-02,ProductPage,View,178.0
923,68,9,2023-06-03,Homepage,Click,288.0
924,35,20,2023-04-27,Homepage,Click,70.0
925,36,7,2024-07-10,Homepage,View,82.0
926,20,1,2024-01-27,Homepage,Click,79.0
927,87,6,2025-07-12,Homepage,Click,295.0
928,73,4,2025-01-19,ProductPage,Click,17.0
929,79,19,2023-03-01,Homepage,View,218.0
930,36,7,2023-09-06,ProductPage,View,149.0
931,88,2,2023-11-14,Homepage,View,194.0
932,72,7,2025-05-03,Homepage,Click,98.0
933,67,1,2024-12-02,ProductPage,Click,237.0
934,47,20,2023-08-02,ProductPage,Click,85.0
935,48,3,2025-07-02,ProductPage,Click,55.0
936,43,11,2023-07-27,ProductPage,Click,52.0
937,87,4,2025-08-24,Homepage,Click,61.0
938,88,18,2024-09-24,ProductPage,Click,187.0
939,28,14,2024-02-04,ProductPage,Click,226.0
940,84,18,2023-01-21,Homepage,View,286.0
941,83,5,2023-04-16,Homepage,View,125.0
942,59,14,2023-02-26,Checkout,Drop-off,
943,81,4,2024-03-19,Checkout,Drop-off,
944,79,11,2023-05-30,ProductPage,View,79.0
945,79,5,2024-12-07,ProductPage,View,261.0
946,55,7,2024-04-20,homepage,Click,224.0
947,98,3,2024-01-15,productpage,Click,38.0
948,30,7,2025-03-24,ProductPage,Click,27.0
949,54,19,2025-01-07,Homepage,Click,138.0
950,35,14,2023-04-07,Checkout,Purchase,171.0
951,36,13,2024-05-17,Checkout,Drop-off,
952,6,11,2024-02-05,Checkout,Drop-off,
953,59,9,2024-09-28,Homepage,View,136.0
954,79,17,2024-05-15,Homepage,Click,16.0
955,33,19,2025-05-08,Checkout,Purchase,260.0
956,90,12,2025-01-13,ProductPage,View,62.0
957,98,15,2023-08-07,ProductPage,View,219.0
958,44,6,2023-04-26,Homepage,Click,235.0
959,21,4,2023-07-12,Homepage,View,16.0
960,60,1,2025-02-09,Checkout,Drop-off,
961,69,8,2024-11-19,ProductPage,View,278.0
962,34,18,2024-06-09,Homepage,Click,211.0
963,50,11,2024-08-23,Checkout,Purchase,114.0
964,20,2,2024-12-10,ProductPage,View,140.0
965,13,14,2023-12-07,Checkout,Drop-off,
966,62,6,2025-01-04,Checkout,Drop-off,
967,60,9,2023-06-07,Checkout,Drop-off,
968,45,9,2024-06-20,Homepage,Click,10.0
969,48,11,2024-02-28,Checkout,Purchase,174.0
970,22,19,2023-08-19,Homepage,View,199.0
971,100,14,2024-09-20,ProductPage,View,100.0
972,100,9,2023-02-28,Checkout,Drop-off,
973,91,7,2024-08-04,Homepage,View,82.0
974,61,5,2025-06-21,Homepage,Click,138.0
975,25,18,2025-08-18,Homepage,Click,134.0
976,76,5,2023-07-05,Homepage,View,187.0
977,58,4,2023-01-22,ProductPage,View,294.0
978,59,13,2025-09-07,Checkout,Drop-off,
979,30,8,2023-04-20,Homepage,Click,13.0
980,95,7,2023-02-11,Checkout,Purchase,119.0
981,63,14,2023-10-01,Homepage,View,292.0
982,33,20,2023-05-30,Homepage,Click,78.0
983,76,7,2024-08-21,productpage,Click,154.0
984,57,14,2024-01-01,homepage,Click,200.0
985,20,3,2025-01-13,ProductPage,Click,283.0
986,65,12,2024-04-13,ProductPage,Click,141.0
987,19,10,2024-08-03,Homepage,View,227.0
988,39,5,2025-03-18,Homepage,Click,296.0
989,77,19,2025-10-26,ProductPage,Click,157.0
990,82,8,2024-03-03,Homepage,View,120.0
991,11,4,2023-10-22,ProductPage,View,273.0
992,84,15,2024-01-27,ProductPage,View,49.0
993,44,16,2023-06-19,Homepage,Click,153.0
994,93,3,2024-03-09,Homepage,View,288.0
995,8,17,2025-09-29,ProductPage,View,135.0
996,54,4,2023-12-18,Homepage,Click,197.0
997,88,1,2024-02-20,ProductPage,Click,84.0
998,38,19,2023-11-11,Homepage,View,127.0
999,41,17,2024-11-23,ProductPage,View,290.0
1000,69,8,2023-11-22,Homepage,Click,272.0
1001,78,2,2023-08-19,ProductPage,Click,108.0
1002,91,3,2024-02-02,Homepage,Click,291.0
1003,86,13,2024-03-28,Homepage,Click,64.0
1004,7,15,2024-05-10,Homepage,View,23.0
1005,61,11,2023-04-04,Checkout,Drop-off,
1006,70,6,2024-08-05,ProductPage,View,163.0
1007,36,4,2025-08-18,Homepage,View,21.0
1008,4,11,2024-02-01,Homepage,Click,219.0
1009,12,19,2025-03-29,Checkout,Drop-off,
1010,94,3,2025-05-07,Checkout,Drop-off,
1011,98,17,2023-07-03,ProductPage,View,180.0
1012,39,6,2024-04-01,ProductPage,View,118.0
1013,21,20,2023-04-15,ProductPage,View,201.0
1014,95,20,2024-02-28,Homepage,Click,175.0
1015,8,11,2024-01-14,Checkout,Purchase,98.0
1016,47,20,2025-01-19,Homepage,View,181.0
1017,89,5,2025-05-07,ProductPage,View,161.0
1018,32,15,2025-09-25,Checkout,Drop-off,
1019,22,14,2025-07-20,Homepage,View,100.0
1020,78,13,2023-09-30,ProductPage,View,37.0
1021,90,19,2023-11-01,Checkout,Drop-off,
1022,52,12,2025-11-08,Homepage,View,64.0
1023,61,4,2024-01-27,ProductPage,View,265.0
1024,77,8,2024-03-29,Homepage,View,55.0
1025,53,13,2025-12-03,Checkout,Drop-off,
1026,70,16,2023-02-14,ProductPage,View,109.0
1027,44,9,2023-06-12,Homepage,View,76.0
1028,38,13,2023-10-28,Homepage,View,122.0
1029,32,2,2023-08-04,ProductPage,View,149.0
1030,60,20,2024-04-20,ProductPage,View,201.0
1031,87,13,2023-04-18,Checkout,Drop-off,
1032,82,14,2024-05-28,Homepage,Click,244.0
1033,75,11,2024-08-14,ProductPage,Click,234.0
1034,53,3,2024-10-28,ProductPage,Click,72.0
1035,82,6,2024-08-19,Homepage,Click,124.0
1036,22,7,2023-04-11,ProductPage,Click,30.0
1037,35,10,2024-08-02,Checkout,Purchase,289.0
1038,71,2,2025-11-05,ProductPage,View,208.0
1039,68,10,2024-09-09,Checkout,Drop-off,
1040,83,9,2023-05-15,Checkout,Drop-off,
1041,38,9,2024-09-16,ProductPage,View,34.0
1042,36,12,2025-10-27,Homepage,Click,246.0
1043,31,2,2025-09-11,Checkout,Purchase,249.0
1044,37,10,2024-01-17,ProductPage,View,251.0
1045,95,12,2024-07-14,Checkout,Drop-off,
1046,64,5,2024-03-09,ProductPage,View,271.0
1047,92,18,2023-02-21,ProductPage,View,98.0
1048,71,16,2023-06-09,Checkout,Drop-off,
1049,50,17,2025-02-02,Homepage,View,245.0
1050,67,12,2023-06-22,ProductPage,View,72.0
1051,97,15,2025-12-01,Homepage,View,268.0
1052,58,13,2024-06-16,ProductPage,View,299.0
1053,29,12,2025-02-02,Homepage,View,251.0
1054,30,10,2023-11-18,ProductPage,View,110.0
1055,8,4,2024-12-29,ProductPage,View,133.0
1056,12,15,2025-03-31,ProductPage,View,145.0
1057,96,13,2023-01-12,Homepage,Click,187.0
1058,19,13,2023-03-15,Homepage,Click,178.0
1059,30,12,2023-01-19,ProductPage,Click,128.0
1060,8,13,2023-03-29,Homepage,Click,264.0
1061,56,10,2024-09-28,Homepage,View,105.0
1062,13,2,2025-12-14,Homepage,Click,21.0
1063,44,18,2024-01-03,Checkout,Purchase,208.0
1064,28,17,2025-08-02,Checkout,Drop-off,
1065,44,1,2024-03-21,Homepage,Click,81.0
1066,37,6,2024-08-30,Homepage,View,232.0
1067,77,15,2025-01-05,ProductPage,View,122.0
1068,60,16,2025-10-08,Homepage,Click,136.0
1069,73,16,2024-06-26,Checkout,Purchase,56.0
1070,88,8,2024-03-02,Homepage,View,206.0
1071,79,5,2025-10-28,Checkout,Drop-off,
1072,28,1,2023-06-04,ProductPage,View,149.0
1073,28,16,2024-10-04,Homepage,View,285.0
1074,44,9,2024-12-31,Homepage,Click,93.0
1075,14,18,2023-07-20,Homepage,Click,186.0
1076,28,9,2024-07-31,ProductPage,Click,63.0
1077,6,1,2025-03-13,Homepage,Click,140.0
1078,29,8,2024-07-30,Homepage,View,163.0
1079,67,12,2024-02-10,Homepage,View,280.0
1080,70,20,2023-03-01,ProductPage,View,216.0
1081,32,9,2025-03-21,Homepage,View,124.0
1082,92,19,2023-07-25,Checkout,Drop-off,
1083,25,10,2025-01-29,Homepage,Click,173.0
1084,77,3,2023-07-02,ProductPage,Click,250.0
1085,6,3,2025-12-09,Homepage,Click,139.0
1086,4,16,2024-08-15,ProductPage,Click,74.0
1087,65,4,2025-04-07,Homepage,View,133.0
1088,80,9,2023-06-12,Checkout,Drop-off,
1089,18,18,2024-09-27,Checkout,Drop-off,
1090,93,10,2025-04-04,Homepage,View,117.0
1091,48,11,2025-02-22,ProductPage,View,20.0
1092,95,16,2023-02-01,ProductPage,View,92.0
1093,92,3,2024-04-25,homepage,Click,29.0
1094,79,6,2023-08-02,Homepage,View,23.0
1095,26,10,2025-01-12,Checkout,Drop-off,
1096,70,15,2023-04-04,Homepage,Click,225.0
1097,89,8,2023-05-23,Homepage,View,132.0
1098,57,18,2025-08-03,Checkout,Drop-off,
1099,33,19,2025-08-08,Checkout,Drop-off,
1100,79,1,2023-02-10,Checkout,Drop-off,
1101,49,9,2023-09-01,Checkout,Drop-off,
1102,95,5,2025-02-25,ProductPage,View,107.0
1103,52,6,2025-08-17,ProductPage,View,244.0
1104,80,2,2024-06-02,Homepage,View,143.0
1105,36,11,2023-02-03,Homepage,View,150.0
1106,100,7,2024-03-25,Checkout,Drop-off,
1107,20,8,2025-08-19,ProductPage,View,63.0
1108,10,20,2024-07-25,ProductPage,View,252.0
1109,5,14,2024-12-29,ProductPage,View,205.0
1110,17,19,2023-12-23,Homepage,Click,275.0
1111,5,17,2023-03-25,Homepage,View,164.0
1112,79,11,2023-04-11,ProductPage,View,70.0
1113,12,17,2024-09-18,ProductPage,View,291.0
1114,41,12,2023-05-18,Homepage,View,174.0
1115,91,13,2024-04-20,homepage,Click,288.0
1116,41,12,2023-08-21,Homepage,Click,46.0
1117,27,4,2024-03-03,Homepage,Click,155.0
1118,84,20,2024-07-16,ProductPage,Click,175.0
1119,45,16,2025-11-04,ProductPage,Click,206.0
1120,34,1,2025-07-16,Homepage,View,233.0
1121,84,4,2025-07-16,Homepage,View,22.0
1122,69,4,2025-10-03,Homepage,Click,54.0
1123,4,10,2024-10-22,Homepage,Click,236.0
1124,67,7,2025-09-06,Checkout,Purchase,83.0
1125,59,18,2024-01-04,ProductPage,View,202.0
1126,62,6,2024-12-11,Homepage,View,236.0
1127,69,3,2024-12-25,Homepage,Click,277.0
1128,84,18,2024-01-06,Checkout,Purchase,18.0
1129,13,13,2024-10-06,Checkout,Drop-off,
1130,71,13,2025-03-18,Homepage,Click,231.0
1131,29,1,2025-02-02,ProductPage,Click,227.0
1132,88,16,2023-04-07,ProductPage,Click,247.0
1133,36,1,2025-01-26,ProductPage,Click,87.0
1134,27,12,2025-03-08,Homepage,View,63.0
1135,36,7,2024-12-17,Checkout,Drop-off,
1136,25,16,2024-04-11,ProductPage,View,124.0
1137,30,19,2024-04-17,Checkout,Drop-off,
1138,44,19,2024-04-24,Homepage,View,188.0
1139,45,14,2023-01-20,Homepage,View,250.0
1140,24,20,2023-12-07,Checkout,Drop-off,
1141,69,12,2024-05-31,homepage,View,14.0
1142,73,14,2023-05-29,Homepage,View,96.0
1143,97,11,2024-11-17,Checkout,Drop-off,
1144,50,2,2023-03-05,Homepage,View,46.0
1145,85,17,2025-10-19,Homepage,View,236.0
1146,72,3,2025-09-12,ProductPage,View,141.0
1147,78,11,2025-07-28,Homepage,View,37.0
1148,92,1,2025-02-26,ProductPage,View,130.0
1149,47,5,2023-08-09,homepage,Click,196.0
1150,44,2,2024-03-13,Homepage,View,93.0
1151,63,3,2023-06-19,Homepage,View,42.0
1152,20,10,2023-08-25,Homepage,View,166.0
1153,81,2,2024-01-03,ProductPage,View,171.0
1154,54,7,2023-08-27,ProductPage,View,203.0
1155,91,15,2023-08-07,ProductPage,View,64.0
1156,48,1,2023-02-16,Homepage,Click,182.0
1157,98,16,2024-08-21,ProductPage,Click,110.0
1158,29,8,2025-09-02,Homepage,Click,268.0
1159,11,12,2023-04-19,Homepage,Click,20.0
1160,25,15,2025-03-03,Checkout,Purchase,124.0
1161,66,20,2024-06-26,ProductPage,View,267.0
1162,94,19,2024-05-01,ProductPage,View,44.0
1163,50,6,2024-09-05,Homepage,Click,11.0
1164,68,7,2023-11-24,ProductPage,Click,300.0
1165,24,8,2023-03-03,Homepage,Click,203.0
1166,83,19,2024-02-20,Checkout,Purchase,69.0
1167,85,1,2025-03-10,Homepage,View,13.0
1168,89,3,2023-05-07,Homepage,View,279.0
1169,25,11,2024-07-31,Checkout,Drop-off,
1170,78,3,2025-07-07,ProductPage,View,299.0
1171,55,8,2023-10-27,ProductPage,View,272.0
1172,31,18,2024-09-13,Homepage,View,129.0
1173,58,7,2025-07-16,ProductPage,View,282.0
1174,26,16,2025-02-18,Checkout,Drop-off,
1175,91,7,2025-07-08,Checkout,Drop-off,
1176,28,4,2024-06-07,Checkout,Drop-off,
1177,14,19,2024-12-10,Checkout,Drop-off,
1178,87,2,2025-07-09,ProductPage,View,219.0
1179,15,12,2024-01-15,ProductPage,View,249.0
1180,60,6,2025-12-29,ProductPage,View,22.0
1181,10,15,2023-04-26,Homepage,View,59.0
1182,13,10,2024-07-14,Homepage,View,159.0
1183,69,18,2023-07-23,ProductPage,View,200.0
1184,95,4,2025-05-16,Homepage,View,19.0
1185,77,2,2023-02-04,Homepage,Click,193.0
1186,7,14,2023-08-08,ProductPage,Click,272.0
1187,49,18,2025-06-03,ProductPage,Click,151.0
1188,77,6,2024-11-11,Homepage,View,156.0
1189,22,18,2023-07-20,ProductPage,View,139.0
1190,23,9,2023-02-27,homepage,Click,49.0
1191,62,13,2023-05-02,ProductPage,Click,209.0
1192,14,10,2024-12-10,Homepage,View,106.0
1193,28,3,2023-03-16,ProductPage,View,291.0
1194,34,1,2024-11-07,Checkout,Drop-off,
1195,78,4,2024-08-10,ProductPage,View,201.0
1196,29,12,2023-08-22,Checkout,Drop-off,
1197,89,17,2024-09-24,Homepage,View,64.0
1198,46,12,2023-12-09,Homepage,View,202.0
1199,6,16,2025-07-16,ProductPage,View,287.0
1200,47,18,2024-12-02,Homepage,View,260.0
1201,27,7,2025-05-19,Checkout,Drop-off,
1202,34,13,2025-07-05,Checkout,Drop-off,
1203,47,17,2024-11-04,Homepage,View,173.0
1204,33,10,2025-06-21,Homepage,View,170.0
1205,100,20,2024-07-12,Checkout,Drop-off,
1206,41,20,2023-04-03,Homepage,Click,282.0
1207,68,2,2024-04-03,ProductPage,Click,299.0
1208,7,18,2025-03-22,ProductPage,Click,124.0
1209,63,14,2025-12-19,Homepage,Click,235.0
1210,35,20,2023-10-31,ProductPage,Click,136.0
1211,78,7,2024-04-22,Checkout,Purchase,25.0
1212,55,13,2025-09-11,ProductPage,View,142.0
1213,34,4,2025-04-03,ProductPage,View,47.0
1214,82,6,2025-10-06,ProductPage,View,173.0
1215,98,12,2024-04-19,Homepage,Click,139.0
1216,61,6,2025-09-14,Homepage,View,131.0
1217,6,10,2023-04-29,Homepage,View,66.0
1218,54,8,2023-10-22,ProductPage,View,55.0
1219,81,12,2023-10-13,ProductPage,View,272.0
1220,36,18,2025-10-25,Checkout,Drop-off,
1221,5,9,2023-12-25,Homepage,Click,31.0
1222,9,1,2023-03-27,homepage,Click,238.0
1223,32,14,2025-09-17,Checkout,Purchase,187.0
1224,36,8,2025-09-08,Checkout,Drop-off,
1225,57,11,2023-12-09,Checkout,Drop-off,
1226,89,8,2025-02-17,Checkout,Drop-off,
1227,94,7,2024-10-05,Homepage,View,77.0
1228,15,1,2024-12-23,checkout,Drop-off,
1229,31,11,2025-08-05,ProductPage,View,115.0
1230,58,1,2023-06-19,Homepage,View,211.0
1231,10,8,2024-06-21,Homepage,View,240.0
1232,100,13,2025-11-04,Homepage,View,242.0
1233,52,18,2024-08-16,Homepage,View,199.0
1234,84,7,2023-05-17,ProductPage,View,130.0
1235,13,18,2025-07-25,ProductPage,View,154.0
1236,59,18,2025-12-10,Checkout,Drop-off,
1237,68,11,2025-04-04,ProductPage,View,139.0
1238,34,6,2025-08-21,Homepage,View,251.0
1239,44,10,2025-12-12,ProductPage,View,231.0
1240,44,1,2024-10-03,Homepage,Click,214.0
1241,57,1,2023-03-04,ProductPage,Click,257.0
1242,83,8,2023-07-06,Checkout,Purchase,74.0
1243,45,19,2023-05-05,Homepage,Click,247.0
1244,92,16,2025-08-15,ProductPage,Click,92.0
1245,32,20,2023-01-21,Checkout,Purchase,20.0
1246,31,4,2025-10-03,ProductPage,View,146.0
1247,98,15,2024-06-25,Homepage,View,289.0
1248,17,8,2023-12-13,Homepage,Click,153.0
1249,17,1,2025-07-12,ProductPage,Drop-off,
1250,65,12,2024-04-25,ProductPage,View,145.0
1251,15,18,2024-04-24,Homepage,View,189.0
1252,56,17,2024-03-05,ProductPage,View,104.0
1253,78,17,2023-08-10,Homepage,Click,201.0
1254,22,1,2023-09-05,ProductPage,Click,244.0
1255,27,12,2023-04-01,ProductPage,Click,166.0
1256,83,18,2024-01-27,Homepage,Click,120.0
1257,87,3,2025-02-06,Checkout,Purchase,73.0
1258,100,20,2024-04-26,ProductPage,View,33.0
1259,18,7,2025-09-24,ProductPage,View,270.0
1260,62,6,2024-12-30,Homepage,View,70.0
1261,86,11,2025-12-26,ProductPage,View,244.0
1262,69,4,2024-10-10,Checkout,Drop-off,
1263,37,2,2023-03-01,ProductPage,View,84.0
1264,84,1,2024-02-09,Homepage,Click,191.0
1265,79,12,2023-09-19,Homepage,View,147.0
1266,90,10,2023-11-11,ProductPage,View,55.0
1267,23,9,2023-01-01,ProductPage,View,145.0
1268,65,6,2023-12-09,ProductPage,View,98.0
1269,13,7,2023-02-14,Homepage,Click,146.0
1270,16,3,2025-04-22,ProductPage,Click,282.0
1271,87,19,2024-09-25,Homepage,Click,193.0
1272,15,9,2023-10-06,ProductPage,Click,69.0
1273,65,16,2023-01-19,Homepage,Click,274.0
1274,76,19,2025-01-30,Homepage,View,130.0
1275,97,6,2023-12-28,Homepage,View,37.0
1276,45,19,2024-06-16,ProductPage,View,173.0
1277,95,13,2025-07-02,Checkout,Drop-off,
1278,31,8,2025-10-16,Homepage,View,238.0
1279,32,8,2024-08-29,productpage,View,207.0
1280,57,7,2025-09-11,Homepage,View,130.0
1281,59,12,2024-06-24,Homepage,View,157.0
1282,89,12,2023-01-29,ProductPage,View,192.0
1283,6,14,2025-07-10,Checkout,Drop-off,
1284,34,14,2023-12-22,ProductPage,View,190.0
1285,96,14,2023-04-15,ProductPage,View,220.0
1286,64,12,2024-10-07,Homepage,View,199.0
1287,94,14,2023-04-08,Checkout,Drop-off,
1288,33,12,2024-03-20,ProductPage,View,239.0
1289,56,19,2023-12-20,ProductPage,View,189.0
1290,38,14,2024-09-27,ProductPage,View,123.0
1291,2,3,2025-07-09,ProductPage,View,88.0
1292,42,18,2025-10-08,Homepage,Click,21.0
1293,89,18,2023-05-04,Homepage,View,151.0
1294,13,12,2025-11-17,homepage,View,59.0
1295,56,12,2024-09-09,Homepage,View,64.0
1296,90,11,2025-02-20,ProductPage,View,135.0
1297,63,5,2025-10-01,Homepage,Click,134.0
1298,89,2,2024-07-30,Homepage,Click,205.0
1299,74,9,2023-06-04,Homepage,Click,240.0
1300,43,1,2024-01-19,Homepage,View,223.0
1301,17,4,2025-10-01,ProductPage,View,81.0
1302,63,20,2024-07-12,Homepage,View,61.0
1303,11,14,2023-10-04,ProductPage,View,77.0
1304,43,4,2024-06-11,Checkout,Drop-off,
1305,82,18,2024-04-02,ProductPage,View,119.0
1306,50,8,2023-08-18,Homepage,Click,136.0
1307,54,9,2023-07-10,ProductPage,Click,233.0
1308,65,14,2025-04-20,Checkout,Purchase,214.0
1309,99,6,2025-10-17,Homepage,View,200.0
1310,94,16,2025-12-29,Homepage,Click,35.0
1311,42,13,2025-05-29,ProductPage,Click,290.0
1312,89,18,2024-06-28,Checkout,Drop-off,
1313,8,5,2023-02-07,ProductPage,View,79.0
1314,40,18,2023-06-01,homepage,Click,211.0
1315,4,14,2025-03-30,ProductPage,Click,215.0
1316,60,7,2024-03-19,Homepage,Click,56.0
1317,90,17,2024-01-19,ProductPage,Click,108.0
1318,24,18,2025-10-09,Homepage,View,59.0
1319,84,17,2025-10-12,Homepage,View,112.0
1320,95,2,2025-10-03,ProductPage,View,27.0
1321,90,9,2023-08-25,ProductPage,View,279.0
1322,29,8,2025-05-24,Checkout,Drop-off,
1323,21,5,2023-07-03,Checkout,Drop-off,
1324,90,18,2025-05-04,productpage,View,140.0
1325,53,6,2024-08-19,Homepage,View,236.0
1326,92,5,2025-12-25,Checkout,Drop-off,
1327,69,8,2024-12-30,Homepage,View,145.0
1328,42,18,2025-02-14,Homepage,View,273.0
1329,38,13,2023-07-14,Homepage,Click,46.0
1330,39,17,2023-10-06,Homepage,View,69.0
1331,43,2,2023-08-30,Homepage,View,266.0
1332,40,8,2023-04-17,Checkout,Drop-off,
1333,18,9,2023-05-05,ProductPage,View,247.0
1334,93,12,2024-06-23,Homepage,View,225.0
1335,90,6,2023-07-21,Homepage,View,56.0
1336,56,17,2024-04-19,Homepage,View,109.0
1337,41,5,2023-05-12,ProductPage,View,109.0
1338,68,2,2023-01-16,Homepage,View,161.0
1339,99,6,2025-06-29,Homepage,Click,10.0
1340,64,9,2023-08-19,Homepage,Click,49.0
1341,31,2,2025-07-28,ProductPage,Click,39.0
1342,60,16,2023-09-09,Homepage,View,201.0
1343,97,15,2023-02-18,homepage,Click,147.0
1344,4,12,2025-09-16,ProductPage,Click,254.0
1345,18,10,2024-06-24,Homepage,View,98.0
1346,4,11,2023-02-09,Homepage,Click,111.0
1347,77,16,2023-09-27,Homepage,View,109.0
1348,3,20,2023-07-19,Checkout,Drop-off,
1349,57,10,2023-08-29,Homepage,View,255.0
1350,38,16,2024-05-12,ProductPage,View,136.0
1351,82,2,2023-12-26,ProductPage,View,203.0
1352,75,13,2023-01-29,ProductPage,View,55.0
1353,32,11,2023-12-27,Homepage,View,183.0
1354,50,1,2024-10-28,ProductPage,View,222.0
1355,6,14,2025-07-04,Homepage,View,43.0
1356,35,5,2023-12-30,Homepage,View,50.0
1357,49,19,2023-08-20,Homepage,View,201.0
1358,88,15,2025-10-13,ProductPage,View,285.0
1359,62,15,2023-03-14,Homepage,Click,217.0
1360,81,19,2025-06-17,Homepage,View,213.0
1361,94,13,2024-06-17,Homepage,Click,257.0
1362,79,6,2024-08-16,Homepage,Click,186.0
1363,16,5,2023-11-14,Homepage,View,296.0
1364,93,11,2025-07-15,ProductPage,View,53.0
1365,86,4,2024-12-30,ProductPage,View,123.0
1366,33,18,2025-04-08,ProductPage,View,220.0
1367,63,17,2024-01-12,ProductPage,View,39.0
1368,26,10,2024-11-09,ProductPage,View,33.0
1369,92,2,2024-04-23,ProductPage,View,271.0
1370,57,10,2024-08-23,ProductPage,View,201.0
1371,31,17,2024-03-16,Homepage,View,256.0
1372,63,7,2023-08-17,Homepage,View,46.0
1373,65,4,2024-01-16,ProductPage,View,32.0
1374,94,12,2023-07-30,ProductPage,View,182.0
1375,66,6,2023-09-02,Checkout,Drop-off,
1376,56,1,2023-12-22,Homepage,View,173.0
1377,30,16,2023-05-14,Homepage,View,134.0
1378,17,18,2023-01-08,Checkout,Drop-off,
1379,18,15,2025-12-13,Homepage,View,195.0
1380,82,6,2025-02-13,Homepage,View,38.0
1381,37,20,2024-10-01,Homepage,View,105.0
1382,82,4,2025-01-19,Checkout,Drop-off,
1383,54,18,2023-05-16,ProductPage,View,164.0
1384,35,12,2025-01-22,Homepage,View,154.0
1385,20,15,2024-07-17,ProductPage,View,82.0
1386,89,6,2025-12-11,Homepage,View,215.0
1387,95,11,2023-10-31,Homepage,View,62.0
1388,74,2,2023-02-10,ProductPage,View,233.0
1389,35,7,2023-02-27,Homepage,View,207.0
1390,84,18,2024-03-04,Homepage,View,119.0
1391,44,12,2023-04-25,ProductPage,View,287.0
1392,93,8,2024-08-20,Checkout,Drop-off,
1393,40,11,2025-02-04,ProductPage,View,137.0
1394,66,16,2024-05-19,ProductPage,View,116.0
1395,43,11,2025-08-02,productpage,View,10.0
1396,48,7,2024-08-12,ProductPage,View,267.0
1397,48,11,2024-06-26,Homepage,View,197.0
1398,55,11,2023-06-29,Homepage,Click,157.0
1399,86,9,2024-05-01,ProductPage,Click,219.0
1400,54,13,2025-10-22,Homepage,Click,245.0
1401,30,13,2023-09-02,Homepage,Click,49.0
1402,13,19,2024-07-02,ProductPage,Click,247.0
1403,87,2,2024-02-13,Homepage,View,254.0
1404,29,4,2024-07-22,Homepage,View,59.0
1405,55,11,2024-12-18,ProductPage,View,292.0
1406,67,3,2024-12-10,homepage,View,60.0
1407,15,1,2024-03-23,ProductPage,View,102.0
1408,14,16,2024-10-29,Homepage,Click,288.0
1409,52,10,2024-05-29,Homepage,View,255.0
1410,22,7,2024-01-26,Checkout,Drop-off,
1411,51,6,2023-02-19,ProductPage,View,25.0
1412,61,9,2023-10-10,ProductPage,View,30.0
1413,7,7,2023-02-28,Homepage,View,173.0
1414,87,6,2024-06-29,Checkout,Drop-off,
1415,92,16,2024-09-17,Homepage,Click,94.0
1416,97,18,2023-07-09,Homepage,Click,153.0
1417,18,16,2023-04-10,ProductPage,Click,102.0
1418,22,4,2023-11-07,Checkout,Purchase,281.0
1419,82,1,2023-04-28,Homepage,Click,140.0
1420,89,13,2023-01-06,Checkout,Purchase,245.0
1421,38,11,2024-07-23,Checkout,Drop-off,
1422,63,7,2023-12-28,ProductPage,View,216.0
1423,65,16,2023-01-02,Homepage,Click,95.0
1424,32,6,2023-11-03,Checkout,Purchase,192.0
1425,18,11,2023-05-03,ProductPage,View,89.0
1426,35,12,2025-05-27,Homepage,View,192.0
1427,52,10,2024-06-29,ProductPage,View,282.0
1428,46,12,2025-10-01,ProductPage,View,230.0
1429,93,5,2024-07-27,Homepage,View,227.0
1430,88,5,2025-05-27,ProductPage,View,192.0
1431,20,8,2023-09-16,Checkout,Drop-off,
1432,21,17,2023-05-22,Homepage,View,161.0
1433,78,4,2024-01-06,ProductPage,View,128.0
1434,63,16,2024-06-06,Checkout,Drop-off,
1435,57,5,2024-03-09,ProductPage,View,229.0
1436,52,8,2023-08-07,Homepage,Click,282.0
1437,35,5,2025-03-27,ProductPage,Click,62.0
1438,41,10,2023-07-23,Checkout,Purchase,89.0
1439,53,20,2023-03-24,ProductPage,View,285.0
1440,68,18,2025-11-15,ProductPage,View,45.0
1441,91,9,2023-03-23,ProductPage,View,267.0
1442,73,12,2023-07-15,Checkout,Drop-off,
1443,97,12,2023-04-19,ProductPage,View,162.0
1444,82,1,2023-10-06,ProductPage,View,49.0
1445,33,3,2024-09-19,Homepage,View,198.0
1446,65,2,2025-05-13,Homepage,View,141.0
1447,79,15,2024-05-26,Homepage,View,201.0
1448,12,5,2024-03-27,ProductPage,View,87.0
1449,77,11,2025-07-02,ProductPage,View,178.0
1450,49,19,2025-03-14,Homepage,View,12.0
1451,1,9,2025-01-25,Checkout,Drop-off,
1452,40,2,2025-09-05,Homepage,View,11.0
1453,74,15,2024-05-28,Homepage,View,182.0
1454,5,4,2024-06-08,Homepage,View,71.0
1455,85,14,2024-10-22,ProductPage,View,29.0
1456,80,16,2024-10-16,Homepage,View,257.0
1457,64,13,2025-12-21,Checkout,Drop-off,
1458,56,3,2024-10-06,ProductPage,View,79.0
1459,69,6,2024-11-15,Checkout,Drop-off,
1460,65,14,2023-03-18,Checkout,Drop-off,
1461,91,9,2025-02-10,Homepage,View,149.0
1462,25,17,2025-05-28,productpage,View,12.0
1463,100,16,2023-11-08,ProductPage,View,255.0
1464,26,18,2023-08-23,Homepage,View,26.0
1465,11,14,2025-12-16,Checkout,Drop-off,
1466,88,11,2025-11-06,ProductPage,View,245.0
1467,32,17,2023-10-06,Homepage,Click,262.0
1468,70,4,2024-04-29,ProductPage,Drop-off,
1469,12,12,2023-11-12,ProductPage,View,188.0
1470,26,4,2023-05-12,ProductPage,View,220.0
1471,87,20,2023-04-08,ProductPage,View,274.0
1472,5,7,2023-08-13,Homepage,View,35.0
1473,33,13,2024-02-14,Checkout,Drop-off,
1474,98,4,2023-07-21,ProductPage,View,143.0
1475,20,13,2025-11-23,Homepage,View,65.0
1476,30,5,2025-12-18,Checkout,Drop-off,
1477,38,20,2024-04-17,ProductPage,View,297.0
1478,60,6,2025-11-01,Homepage,Click,208.0
1479,51,20,2023-06-17,Homepage,View,10.0
1480,74,2,2025-05-08,Homepage,View,50.0
1481,57,11,2023-10-13,checkout,Drop-off,
1482,84,11,2023-02-15,Homepage,Click,122.0
1483,59,7,2025-06-01,Homepage,Click,190.0
1484,71,6,2025-03-05,Homepage,View,144.0
1485,30,7,2025-03-16,ProductPage,View,296.0
1486,13,16,2023-09-23,Homepage,View,285.0
1487,34,9,2024-03-02,Homepage,View,118.0
1488,29,20,2023-08-22,ProductPage,View,174.0
1489,67,14,2023-03-24,ProductPage,View,36.0
1490,85,8,2023-05-23,Homepage,View,279.0
1491,92,13,2025-07-16,Homepage,Click,140.0
1492,20,17,2024-04-25,Homepage,Click,284.0
1493,23,7,2023-03-07,Homepage,View,186.0
1494,33,14,2025-04-10,Homepage,Click,279.0
1495,53,4,2024-08-05,ProductPage,Click,139.0
1496,32,9,2025-10-21,Homepage,View,294.0
1497,32,8,2023-03-18,ProductPage,View,119.0
1498,76,8,2024-06-20,ProductPage,View,201.0
1499,24,14,2023-12-07,ProductPage,View,217.0
1500,35,19,2025-05-30,Checkout,Drop-off,
1501,9,20,2023-11-21,ProductPage,View,101.0
1502,55,10,2024-09-28,ProductPage,View,22.0
1503,96,15,2025-09-29,Homepage,Click,73.0
1504,73,13,2024-01-08,ProductPage,Click,235.0
1505,44,17,2024-04-25,ProductPage,Click,147.0
1506,57,3,2023-12-06,Checkout,Purchase,201.0
1507,38,1,2025-06-06,ProductPage,View,266.0
1508,66,2,2024-04-29,Homepage,View,66.0
1509,22,19,2023-11-03,Homepage,Click,294.0
1510,4,9,2024-12-07,Homepage,View,276.0
1511,39,16,2025-05-26,Homepage,View,275.0
1512,59,18,2023-08-29,Checkout,Drop-off,
1513,89,16,2025-08-23,ProductPage,View,253.0
1514,59,7,2024-02-04,Homepage,View,255.0
1515,79,7,2025-07-21,Homepage,View,214.0
1516,53,20,2025-10-28,homepage,View,92.0
1517,69,1,2025-05-17,Homepage,View,75.0
1518,94,16,2023-04-16,Homepage,View,223.0
1519,68,20,2025-09-22,Checkout,Drop-off,
1520,96,3,2024-06-23,Checkout,Drop-off,
1521,19,5,2024-07-23,ProductPage,View,137.0
1522,40,19,2024-02-07,Checkout,Drop-off,
1523,57,14,2024-12-03,ProductPage,View,36.0
1524,86,16,2025-08-29,ProductPage,View,39.0
1525,54,8,2025-09-05,Homepage,Click,61.0
1526,65,20,2023-09-14,ProductPage,Click,87.0
1527,2,7,2024-10-24,Homepage,View,22.0
1528,26,7,2025-06-12,ProductPage,View,104.0
1529,34,1,2024-02-03,ProductPage,View,115.0
1530,67,10,2024-02-05,Homepage,View,119.0
1531,76,12,2025-08-29,ProductPage,View,144.0
1532,47,13,2023-09-18,Checkout,Drop-off,
1533,71,20,2025-05-05,Homepage,View,154.0
1534,11,17,2025-01-02,Homepage,View,208.0
1535,64,9,2025-03-04,Homepage,View,285.0
1536,65,3,2025-07-03,Homepage,View,49.0
1537,57,10,2024-05-12,Checkout,Drop-off,
1538,68,10,2025-02-19,Homepage,View,110.0
1539,92,1,2024-11-23,Homepage,View,239.0
1540,61,16,2023-08-25,ProductPage,View,128.0
1541,88,10,2024-02-13,Homepage,View,148.0
1542,78,5,2023-08-20,ProductPage,View,161.0
1543,43,1,2025-03-31,Checkout,Drop-off,
1544,90,10,2024-11-01,Homepage,Click,87.0
1545,50,6,2023-01-31,ProductPage,Click,285.0
1546,68,10,2023-08-12,ProductPage,Drop-off,
1547,90,7,2025-03-26,Homepage,Click,77.0
1548,1,3,2024-11-06,Homepage,View,238.0
1549,99,11,2023-12-27,Checkout,Drop-off,
1550,95,5,2023-06-24,ProductPage,View,286.0
1551,12,14,2023-06-26,Checkout,Drop-off,
1552,21,7,2023-06-29,ProductPage,View,287.0
1553,61,14,2024-12-04,Homepage,View,25.0
1554,57,8,2024-11-04,ProductPage,View,13.0
1555,74,15,2023-10-10,Homepage,View,131.0
1556,82,17,2023-06-25,Homepage,View,132.0
1557,33,13,2025-01-16,ProductPage,View,53.0
1558,93,16,2023-04-28,ProductPage,View,258.0
1559,16,10,2025-07-19,ProductPage,View,195.0
1560,40,3,2023-07-17,ProductPage,View,247.0
1561,11,11,2024-11-01,Checkout,Drop-off,
1562,25,5,2025-08-09,ProductPage,View,90.0
1563,69,16,2025-09-20,ProductPage,View,258.0
1564,88,8,2024-09-06,Homepage,Click,285.0
1565,64,20,2024-02-18,ProductPage,Click,226.0
1566,21,7,2024-01-29,ProductPage,Click,234.0
1567,34,18,2024-08-31,Homepage,View,265.0
1568,43,14,2025-06-28,ProductPage,View,175.0
1569,4,18,2025-11-11,Homepage,View,277.0
1570,12,17,2025-08-16,ProductPage,View,247.0
1571,79,2,2023-06-15,Homepage,View,75.0
1572,29,9,2024-11-23,Checkout,Drop-off,
1573,49,12,2025-03-06,Homepage,Click,252.0
1574,38,15,2023-09-30,ProductPage,Click,51.0
1575,24,6,2025-11-19,ProductPage,Click,243.0
1576,76,7,2024-12-05,Checkout,Purchase,23.0
1577,48,19,2024-03-10,ProductPage,View,22.0
1578,41,7,2024-08-03,Homepage,Click,162.0
1579,70,11,2025-11-30,ProductPage,Click,230.0
1580,30,2,2024-09-26,Checkout,Purchase,268.0
1581,22,18,2024-06-09,Homepage,Click,217.0
1582,58,2,2023-08-09,Homepage,View,272.0
1583,66,5,2023-10-07,Homepage,Click,192.0
1584,22,17,2024-04-13,ProductPage,Click,67.0
1585,66,18,2025-11-23,Homepage,Click,59.0
1586,75,17,2025-11-16,Homepage,Click,58.0
1587,55,16,2024-04-04,Homepage,View,177.0
1588,82,20,2023-07-11,ProductPage,View,143.0
1589,2,15,2023-08-04,ProductPage,View,38.0
1590,55,11,2024-09-02,Checkout,Drop-off,
1591,46,10,2025-11-09,Homepage,View,15.0
1592,80,17,2023-06-08,ProductPage,View,148.0
1593,8,20,2023-02-09,Homepage,View,252.0
1594,53,2,2023-02-05,Homepage,View,224.0
1595,46,4,2023-10-10,Checkout,Drop-off,
1596,28,19,2025-10-08,Homepage,Click,162.0
1597,39,8,2024-11-12,ProductPage,Click,24.0
1598,43,2,2023-04-14,Homepage,View,95.0
1599,66,4,2024-11-21,Homepage,Click,166.0
1600,26,3,2023-01-02,Homepage,Click,139.0
1601,42,12,2023-10-05,Checkout,Purchase,237.0
1602,15,5,2025-01-21,Checkout,Drop-off,
1603,11,17,2025-02-18,ProductPage,View,14.0
1604,45,6,2024-05-28,Homepage,View,248.0
1605,68,10,2025-05-27,ProductPage,View,15.0
1606,14,6,2024-06-19,Homepage,Click,164.0
1607,45,2,2024-06-19,ProductPage,Click,296.0
1608,70,18,2025-02-08,ProductPage,Click,233.0
1609,33,1,2025-08-10,Homepage,Click,21.0
1610,34,7,2024-10-23,ProductPage,Click,90.0
1611,40,9,2025-01-07,ProductPage,Click,90.0
1612,50,9,2023-11-24,homepage,Click,218.0
1613,78,7,2023-03-18,ProductPage,Click,17.0
1614,94,10,2023-05-12,ProductPage,Click,160.0
1615,88,6,2023-04-28,Checkout,Purchase,244.0
1616,36,20,2025-10-22,ProductPage,View,159.0
1617,89,20,2025-08-05,Homepage,View,201.0
1618,87,5,2023-11-02,ProductPage,View,137.0
1619,5,3,2025-02-15,Checkout,Drop-off,
1620,36,9,2025-09-25,Homepage,View,230.0
1621,98,15,2025-07-13,Checkout,Drop-off,
1622,71,16,2025-08-02,Checkout,Drop-off,
1623,72,1,2024-11-15,Homepage,View,120.0
1624,75,20,2025-11-12,Checkout,Drop-off,
1625,100,14,2025-02-22,ProductPage,View,40.0
1626,49,16,2024-02-22,ProductPage,View,124.0
1627,81,10,2025-10-27,ProductPage,View,223.0
1628,85,2,2024-01-05,Checkout,Drop-off,
1629,60,7,2025-10-15,checkout,Drop-off,
1630,95,6,2024-02-06,Checkout,Drop-off,
1631,61,15,2025-06-06,ProductPage,View,19.0
1632,69,11,2025-07-05,ProductPage,View,45.0
1633,34,4,2023-12-23,Homepage,Click,14.0
1634,27,4,2023-06-28,ProductPage,Click,25.0
1635,39,20,2023-08-24,Homepage,View,85.0
1636,100,15,2023-05-16,Homepage,View,151.0
1637,34,7,2023-07-20,Homepage,View,276.0
1638,75,20,2024-04-11,Checkout,Drop-off,
1639,6,4,2023-04-21,ProductPage,View,167.0
1640,76,1,2023-11-01,ProductPage,View,194.0
1641,15,9,2024-08-17,ProductPage,View,237.0
1642,70,10,2023-04-13,Homepage,View,276.0
1643,30,4,2024-04-25,Checkout,Drop-off,
1644,22,1,2024-10-11,ProductPage,View,97.0
1645,96,8,2025-10-16,Homepage,View,189.0
1646,27,5,2023-08-01,Homepage,View,23.0
1647,75,13,2024-03-13,Checkout,Drop-off,
1648,4,13,2025-01-03,Checkout,Drop-off,
1649,1,10,2023-06-21,Checkout,Drop-off,
1650,77,7,2023-04-18,Homepage,Click,111.0
1651,82,1,2023-01-05,Homepage,Click,95.0
1652,94,20,2024-05-18,Homepage,View,47.0
1653,13,4,2025-10-08,Checkout,Drop-off,
1654,40,5,2024-02-22,Homepage,Click,57.0
1655,56,8,2023-04-23,Homepage,View,51.0
1656,49,5,2025-12-03,ProductPage,View,161.0
1657,90,6,2025-08-09,Homepage,View,236.0
1658,58,12,2023-02-19,Homepage,Click,95.0
1659,83,10,2024-06-10,Homepage,Click,101.0
1660,87,14,2025-10-14,Homepage,View,174.0
1661,63,11,2023-07-23,ProductPage,View,186.0
1662,24,5,2023-03-23,Homepage,View,253.0
1663,93,11,2025-11-07,Checkout,Drop-off,
1664,62,16,2024-04-09,ProductPage,View,71.0
1665,6,15,2023-08-24,homepage,View,281.0
1666,17,7,2023-07-16,Homepage,View,164.0
1667,27,8,2025-04-18,ProductPage,View,199.0
1668,6,16,2023-11-22,ProductPage,View,220.0
1669,9,15,2024-02-18,Homepage,Click,13.0
1670,66,7,2023-01-12,Homepage,Click,42.0
1671,35,5,2023-04-01,ProductPage,Click,112.0
1672,18,7,2024-08-21,ProductPage,Click,110.0
1673,2,12,2025-08-23,ProductPage,Click,275.0
1674,47,16,2023-10-03,Checkout,Purchase,248.0
1675,72,19,2024-10-03,Homepage,View,64.0
1676,93,18,2024-05-18,Homepage,View,102.0
1677,77,3,2025-06-28,ProductPage,View,48.0
1678,92,4,2023-01-02,Homepage,View,277.0
1679,74,1,2023-07-04,ProductPage,View,288.0
1680,50,17,2025-08-02,ProductPage,View,69.0
1681,56,12,2025-01-15,Homepage,View,257.0
1682,58,8,2023-01-04,Checkout,Drop-off,
1683,76,4,2024-10-04,Homepage,Click,195.0
1684,76,10,2024-09-22,ProductPage,Click,258.0
1685,33,1,2024-12-15,ProductPage,Click,230.0
1686,70,5,2023-01-14,checkout,Purchase,33.0
1687,47,10,2025-07-24,ProductPage,View,116.0
1688,39,20,2025-05-25,ProductPage,View,293.0
1689,90,14,2023-10-24,ProductPage,View,188.0
1690,3,10,2023-02-15,ProductPage,View,85.0
1691,72,8,2025-11-06,Checkout,Drop-off,
1692,45,12,2024-12-31,Homepage,Click,23.0
1693,66,8,2023-09-03,Homepage,View,219.0
1694,89,17,2023-03-23,ProductPage,View,216.0
1695,29,5,2024-06-09,ProductPage,View,247.0
1696,61,11,2025-07-25,homepage,View,226.0
1697,89,13,2025-06-11,ProductPage,View,114.0
1698,14,18,2025-05-02,Checkout,Drop-off,
1699,13,19,2024-04-06,ProductPage,View,61.0
1700,82,16,2023-03-17,ProductPage,View,11.0
1701,9,5,2024-04-25,ProductPage,View,95.0
1702,68,19,2023-07-30,Homepage,View,68.0
1703,25,17,2024-07-29,Homepage,View,87.0
1704,85,1,2023-02-23,ProductPage,View,220.0
1705,54,15,2025-12-14,Homepage,View,97.0
1706,22,13,2023-04-05,Homepage,View,278.0
1707,70,1,2023-12-19,Homepage,View,137.0
1708,47,17,2024-06-13,Homepage,Click,76.0
1709,72,19,2025-02-10,Checkout,Purchase,207.0
1710,65,4,2024-08-27,ProductPage,View,240.0
1711,100,13,2024-05-28,Homepage,View,22.0
1712,37,2,2024-07-02,Homepage,Click,107.0
1713,21,13,2024-04-17,Homepage,Click,202.0
1714,43,1,2024-06-20,Homepage,View,56.0
1715,62,5,2025-02-27,Homepage,View,25.0
1716,95,15,2023-09-18,Homepage,View,283.0
1717,63,12,2025-04-25,ProductPage,View,110.0
1718,76,20,2024-11-25,ProductPage,View,207.0
1719,54,10,2024-12-26,Homepage,Click,191.0
1720,72,9,2023-11-09,Homepage,Click,115.0
1721,98,13,2023-04-07,Homepage,View,112.0
1722,84,5,2023-10-11,checkout,Drop-off,
1723,95,8,2025-07-20,ProductPage,View,152.0
1724,51,5,2025-03-29,ProductPage,View,224.0
1725,38,20,2025-11-05,ProductPage,View,85.0
1726,43,14,2023-02-17,Homepage,View,166.0
1727,23,1,2023-01-30,Checkout,Drop-off,
1728,94,12,2025-12-19,ProductPage,View,179.0
1729,54,20,2025-09-01,Homepage,View,54.0
1730,21,15,2025-09-29,Homepage,View,152.0
1731,37,5,2025-04-11,Homepage,Click,201.0
1732,89,12,2025-02-27,Homepage,View,144.0
1733,99,1,2024-08-22,ProductPage,View,260.0
1734,49,18,2024-03-21,ProductPage,View,26.0
1735,66,14,2024-10-23,Checkout,Drop-off,
1736,41,2,2023-01-13,Homepage,Click,237.0
1737,64,7,2025-03-16,ProductPage,Click,284.0
1738,44,10,2023-03-08,ProductPage,Click,244.0
1739,36,20,2025-06-24,homepage,View,146.0
1740,9,13,2023-05-31,Checkout,Drop-off,
1741,44,14,2025-08-04,Homepage,Click,111.0
1742,55,11,2025-01-23,ProductPage,Click,85.0
1743,60,15,2025-11-17,productpage,Click,86.0
1744,6,14,2025-05-01,Checkout,Purchase,48.0
1745,5,4,2024-07-25,Homepage,Click,270.0
1746,10,19,2023-02-02,ProductPage,Click,212.0
1747,2,9,2023-02-08,Homepage,Click,288.0
1748,61,20,2023-10-04,Checkout,Purchase,20.0
1749,25,9,2024-09-01,checkout,Drop-off,
1750,7,5,2023-11-10,ProductPage,View,181.0
1751,47,9,2025-04-04,ProductPage,View,276.0
1752,2,9,2025-07-12,ProductPage,View,257.0
1753,18,9,2024-04-17,Homepage,View,108.0
1754,21,12,2025-05-17,ProductPage,View,98.0
1755,97,8,2023-07-30,Checkout,Drop-off,
1756,41,17,2023-09-15,ProductPage,View,117.0
1757,82,9,2024-08-17,ProductPage,View,210.0
1758,98,16,2025-07-04,ProductPage,View,146.0
1759,51,15,2025-08-15,Homepage,View,99.0
1760,15,9,2023-08-06,Checkout,Drop-off,
1761,47,1,2024-09-09,Checkout,Drop-off,
1762,67,4,2024-05-28,Homepage,Click,259.0
1763,69,14,2023-02-11,Checkout,Purchase,126.0
1764,52,3,2023-02-04,ProductPage,View,294.0
1765,87,5,2023-04-01,ProductPage,View,283.0
1766,23,5,2025-04-17,Homepage,Click,95.0
1767,87,1,2023-08-22,Homepage,View,137.0
1768,46,4,2024-02-09,Checkout,Drop-off,
1769,42,20,2023-05-25,ProductPage,View,242.0
1770,18,17,2024-10-14,Homepage,View,23.0
1771,67,15,2023-01-14,Homepage,View,209.0
1772,56,19,2023-12-29,ProductPage,View,75.0
1773,92,3,2024-02-06,ProductPage,View,245.0
1774,37,15,2023-06-02,Homepage,Click,223.0
1775,77,10,2023-12-30,productpage,Click,11.0
1776,22,15,2023-09-06,Homepage,View,70.0
1777,82,16,2025-10-12,ProductPage,View,176.0
1778,28,11,2025-01-10,ProductPage,View,34.0
1779,47,1,2024-04-27,Checkout,Drop-off,
1780,93,14,2024-03-20,ProductPage,View,258.0
1781,91,5,2023-04-15,ProductPage,View,90.0
1782,23,2,2024-03-06,Checkout,Drop-off,
1783,6,18,2024-11-14,Homepage,View,279.0
1784,50,13,2023-04-03,Checkout,Drop-off,
1785,30,10,2025-03-31,Homepage,View,64.0
1786,2,18,2025-01-18,Checkout,Drop-off,
1787,2,14,2023-02-16,ProductPage,View,163.0
1788,77,7,2023-03-08,Homepage,Click,263.0
1789,35,5,2025-10-10,productpage,Click,242.0
1790,10,13,2023-11-01,Homepage,View,111.0
1791,75,2,2025-04-23,productpage,View,148.0
1792,32,8,2025-08-23,Homepage,View,136.0
1793,75,6,2025-10-29,ProductPage,View,52.0
1794,50,9,2025-06-02,Homepage,View,76.0
1795,10,11,2024-03-15,ProductPage,View,174.0
1796,44,11,2023-12-19,Homepage,Click,127.0
1797,83,11,2023-06-12,Checkout,Purchase,209.0
1798,74,2,2024-08-18,Homepage,View,133.0
1799,12,11,2023-10-28,Homepage,Click,167.0
1800,22,11,2023-12-29,ProductPage,Click,143.0
1801,24,17,2024-12-20,Homepage,Click,74.0
1802,91,15,2024-07-22,Checkout,Purchase,293.0
1803,30,8,2023-07-24,ProductPage,View,252.0
1804,44,10,2023-10-06,Homepage,View,165.0
1805,87,4,2024-02-07,ProductPage,View,208.0
1806,2,11,2025-01-11,Homepage,View,256.0
1807,30,15,2023-09-28,homepage,View,95.0
1808,74,13,2024-01-24,ProductPage,View,277.0
1809,35,6,2024-01-15,Homepage,Click,66.0
1810,58,19,2024-08-04,Checkout,Purchase,198.0
1811,42,7,2023-07-04,Checkout,Drop-off,
1812,5,8,2023-06-27,ProductPage,View,227.0
1813,28,7,2024-07-22,ProductPage,View,237.0
1814,87,12,2023-06-14,ProductPage,View,69.0
1815,81,3,2023-03-22,ProductPage,View,58.0
1816,9,20,2025-08-10,Checkout,Drop-off,
1817,65,6,2025-05-07,Homepage,View,278.0
1818,91,10,2025-05-04,Homepage,Click,142.0
1819,100,2,2025-04-18,ProductPage,Drop-off,
1820,17,6,2024-02-16,ProductPage,View,179.0
1821,93,3,2023-12-20,Checkout,Drop-off,
1822,84,4,2023-05-12,ProductPage,View,233.0
1823,40,15,2023-09-27,ProductPage,View,55.0
1824,30,20,2025-07-09,Homepage,View,300.0
1825,23,20,2024-10-03,ProductPage,View,265.0
1826,21,2,2024-10-17,ProductPage,View,220.0
1827,16,4,2023-10-31,Homepage,Click,242.0
1828,59,5,2023-01-03,Homepage,View,172.0
1829,90,15,2024-12-11,Homepage,Click,34.0
1830,99,17,2025-03-03,Homepage,Click,81.0
1831,3,2,2023-11-13,Homepage,View,56.0
1832,33,20,2025-01-12,ProductPage,View,214.0
1833,9,10,2024-01-30,ProductPage,View,113.0
1834,78,20,2023-08-30,ProductPage,View,236.0
1835,56,9,2024-12-15,Checkout,Drop-off,
1836,1,17,2025-02-21,Homepage,View,289.0
1837,94,1,2025-07-28,Checkout,Drop-off,
1838,99,5,2025-02-23,Checkout,Drop-off,
1839,41,3,2023-10-17,Checkout,Drop-off,
1840,2,8,2023-03-16,Homepage,View,195.0
1841,64,11,2025-11-22,Homepage,View,169.0
1842,75,1,2024-12-06,ProductPage,View,127.0
1843,37,13,2025-09-21,Checkout,Drop-off,
1844,88,14,2025-03-23,Checkout,Drop-off,
1845,6,15,2023-10-17,Homepage,View,291.0
1846,21,2,2023-03-18,ProductPage,View,197.0
1847,15,3,2025-11-30,Homepage,View,38.0
1848,58,17,2024-12-29,Checkout,Drop-off,
1849,67,12,2024-09-04,Homepage,View,76.0
1850,33,2,2023-10-27,Checkout,Drop-off,
1851,36,7,2024-11-07,Homepage,View,135.0
1852,26,8,2024-09-04,Homepage,Click,163.0
1853,88,18,2023-10-01,homepage,View,107.0
1854,81,12,2024-12-27,ProductPage,View,82.0
1855,74,12,2024-11-04,Homepage,View,42.0
1856,2,19,2024-07-25,ProductPage,View,216.0
1857,95,18,2023-03-30,ProductPage,View,216.0
1858,87,17,2024-07-18,ProductPage,View,114.0
1859,92,10,2023-09-05,Homepage,View,116.0
1860,54,11,2024-03-14,Homepage,Click,270.0
1861,66,2,2023-08-01,Homepage,View,22.0
1862,62,4,2024-09-27,Homepage,View,293.0
1863,24,11,2025-05-03,Homepage,View,219.0
1864,23,9,2023-08-27,Homepage,Click,253.0
1865,74,15,2025-08-24,ProductPage,Click,190.0
1866,22,20,2025-01-28,Homepage,View,216.0
1867,46,18,2024-05-29,Homepage,View,92.0
1868,38,14,2025-08-13,Checkout,Drop-off,
1869,21,14,2025-06-02,Homepage,View,152.0
1870,8,14,2023-03-15,Homepage,View,241.0
1871,21,2,2023-06-24,Homepage,Click,262.0
1872,40,20,2025-08-28,Homepage,View,123.0
1873,72,12,2025-01-21,Homepage,View,124.0
1874,29,13,2024-07-18,ProductPage,View,233.0
1875,67,18,2023-08-12,homepage,View,220.0
1876,98,5,2023-10-16,checkout,Drop-off,
1877,34,15,2024-06-28,Homepage,Click,173.0
1878,63,14,2023-10-09,Checkout,Purchase,31.0
1879,90,16,2024-10-04,Homepage,Click,136.0
1880,53,9,2024-03-16,ProductPage,Click,257.0
1881,35,7,2025-09-30,Homepage,Click,166.0
1882,87,2,2024-02-16,Homepage,View,196.0
1883,73,13,2025-12-29,Homepage,View,292.0
1884,67,18,2024-12-03,Homepage,View,224.0
1885,43,18,2024-12-15,Checkout,Drop-off,
1886,51,18,2025-09-30,ProductPage,View,93.0
1887,81,16,2025-06-11,Homepage,Click,77.0
1888,19,11,2025-10-25,ProductPage,Click,259.0
1889,51,5,2025-04-20,ProductPage,Click,154.0
1890,12,11,2023-09-30,Homepage,Click,162.0
1891,12,20,2025-07-18,ProductPage,Click,285.0
1892,92,2,2025-08-10,ProductPage,Click,155.0
1893,66,1,2024-11-28,Homepage,Click,47.0
1894,88,13,2025-10-21,Homepage,View,146.0
1895,81,10,2023-09-16,Checkout,Drop-off,
1896,61,3,2025-11-21,Homepage,View,238.0
1897,32,11,2023-03-05,productpage,View,272.0
1898,49,16,2025-05-29,Homepage,View,182.0
1899,92,1,2023-03-24,ProductPage,View,33.0
1900,48,10,2023-04-07,Homepage,View,236.0
1901,34,15,2024-12-15,Checkout,Drop-off,
1902,39,19,2024-01-07,Checkout,Drop-off,
1903,37,10,2025-09-26,ProductPage,View,174.0
1904,1,14,2025-11-15,Homepage,View,110.0
1905,76,10,2024-07-06,ProductPage,View,171.0
1906,90,8,2025-03-01,Checkout,Drop-off,
1907,34,15,2025-07-26,Homepage,View,166.0
1908,6,7,2023-04-22,ProductPage,View,172.0
1909,60,14,2024-06-03,ProductPage,View,219.0
1910,64,18,2025-07-22,Homepage,View,80.0
1911,12,19,2024-03-28,Checkout,Drop-off,
1912,33,6,2023-12-18,Checkout,Drop-off,
1913,49,11,2023-11-20,Homepage,View,17.0
1914,55,17,2025-06-19,ProductPage,View,134.0
1915,48,12,2024-03-05,Homepage,Click,62.0
1916,67,10,2024-01-04,ProductPage,Click,85.0
1917,2,13,2025-01-21,Checkout,Drop-off,
1918,57,17,2024-10-13,Homepage,Click,157.0
1919,90,19,2024-08-29,Homepage,Click,216.0
1920,10,4,2024-09-05,ProductPage,Click,21.0
1921,28,12,2023-03-30,ProductPage,Click,172.0
1922,81,10,2023-12-27,ProductPage,Click,93.0
1923,95,13,2025-08-07,Checkout,Purchase,106.0
1924,25,3,2025-09-30,Homepage,View,249.0
1925,96,18,2023-01-12,ProductPage,View,179.0
1926,38,9,2023-10-18,ProductPage,View,201.0
1927,48,12,2023-03-29,ProductPage,View,189.0
1928,25,11,2023-06-15,ProductPage,View,13.0
1929,1,6,2025-06-25,Checkout,Drop-off,
1930,90,18,2024-02-20,Checkout,Drop-off,
1931,26,4,2023-07-22,Homepage,View,133.0
1932,56,17,2025-09-04,Homepage,View,148.0
1933,23,14,2023-04-06,Homepage,Click,111.0
1934,81,13,2023-06-27,Homepage,Click,158.0
1935,68,14,2024-04-05,ProductPage,Click,209.0
1936,81,20,2025-02-21,Homepage,View,248.0
1937,66,2,2023-05-06,ProductPage,View,225.0
1938,46,14,2025-05-07,ProductPage,View,166.0
1939,96,15,2024-06-12,Homepage,View,142.0
1940,54,6,2024-10-18,Checkout,Drop-off,
1941,54,19,2024-06-18,homepage,Click,196.0
1942,75,12,2023-04-27,homepage,Click,225.0
1943,21,16,2025-10-07,Homepage,View,241.0
1944,59,9,2024-01-16,ProductPage,View,182.0
1945,22,10,2023-03-16,Homepage,View,68.0
1946,68,15,2024-08-10,ProductPage,View,285.0
1947,69,1,2025-02-22,ProductPage,View,229.0
1948,16,19,2023-12-12,Homepage,View,135.0
1949,25,2,2023-04-23,Homepage,View,238.0
1950,50,7,2025-12-09,Homepage,View,248.0
1951,77,13,2024-06-06,ProductPage,View,22.0
1952,94,2,2025-02-11,Homepage,Click,268.0
1953,20,10,2024-02-26,Homepage,View,232.0
1954,38,11,2023-05-19,Homepage,View,89.0
1955,76,2,2025-10-12,Homepage,View,262.0
1956,29,14,2023-07-21,Homepage,View,179.0
1957,10,16,2024-03-11,Homepage,Click,172.0
1958,98,18,2025-06-25,Homepage,Click,270.0
1959,68,2,2023-07-12,ProductPage,Click,106.0
1960,2,2,2023-09-24,Homepage,Click,101.0
1961,88,5,2023-08-08,Homepage,View,152.0
1962,31,3,2023-12-23,ProductPage,View,174.0
1963,72,3,2023-07-30,ProductPage,View,94.0
1964,26,11,2024-06-19,productpage,View,100.0
1965,2,3,2025-11-22,Homepage,View,73.0
1966,65,4,2024-03-26,checkout,Drop-off,
1967,60,10,2025-02-07,Homepage,Click,57.0
1968,97,9,2025-11-25,Homepage,View,209.0
1969,44,2,2023-11-17,ProductPage,View,104.0
1970,28,3,2023-07-12,checkout,Drop-off,
1971,100,6,2025-08-18,Homepage,Click,36.0
1972,19,10,2025-01-06,homepage,Click,288.0
1973,83,20,2023-08-20,ProductPage,Click,151.0
1974,66,18,2024-01-22,Homepage,View,76.0
1975,31,1,2024-06-15,ProductPage,View,85.0
1976,17,13,2024-09-14,ProductPage,View,171.0
1977,55,5,2023-02-22,productpage,View,166.0
1978,23,2,2024-12-04,Homepage,Click,281.0
1979,61,7,2025-04-09,homepage,Click,246.0
1980,84,9,2024-01-24,Checkout,Purchase,44.0
1981,68,6,2023-10-06,Homepage,Click,80.0
1982,21,20,2025-03-25,Homepage,View,189.0
1983,56,15,2024-01-31,Homepage,View,33.0
1984,44,10,2023-11-27,Homepage,View,160.0
1985,56,20,2024-01-02,Homepage,View,192.0
1986,98,4,2023-04-11,Homepage,Click,128.0
1987,66,14,2023-06-11,ProductPage,Drop-off,
1988,20,12,2025-09-08,ProductPage,View,14.0
1989,45,1,2025-11-30,productpage,View,208.0
1990,97,9,2023-05-30,Homepage,Click,276.0
1991,85,15,2023-01-20,Homepage,View,74.0
1992,6,17,2023-09-07,Homepage,View,293.0
1993,51,13,2024-05-30,Homepage,View,173.0
1994,22,15,2024-09-24,Homepage,Click,176.0
1995,85,18,2023-08-03,Homepage,View,239.0
1996,74,17,2023-02-03,Checkout,Drop-off,
1997,31,7,2023-05-15,ProductPage,View,236.0
1998,40,17,2025-03-30,Checkout,Drop-off,
1999,26,14,2025-07-09,Homepage,View,88.0
2000,32,12,2025-05-23,Homepage,View,210.0
2001,29,3,2024-06-04,ProductPage,View,27.0
2002,73,1,2025-11-24,Checkout,Drop-off,
2003,62,7,2024-07-27,Homepage,Click,82.0
2004,47,13,2024-12-01,Checkout,Purchase,230.0
2005,68,16,2024-04-08,Checkout,Drop-off,
2006,71,8,2025-04-22,Homepage,Click,158.0
2007,83,19,2023-07-01,Checkout,Purchase,127.0
2008,73,7,2024-11-07,ProductPage,View,238.0
2009,22,18,2025-08-22,ProductPage,View,188.0
2010,42,16,2023-12-11,Homepage,View,269.0
2011,17,1,2025-11-22,Homepage,View,204.0
2012,50,17,2024-10-08,Checkout,Drop-off,
2013,38,5,2023-10-07,ProductPage,View,31.0
2014,59,5,2023-05-22,Checkout,Drop-off,
2015,42,20,2025-08-01,Checkout,Drop-off,
2016,25,3,2025-07-31,ProductPage,View,290.0
2017,62,7,2023-08-19,Checkout,Drop-off,
2018,95,4,2024-04-20,Homepage,Click,211.0
2019,81,15,2024-02-02,Homepage,View,87.0
2020,25,6,2024-11-17,ProductPage,View,173.0
2021,92,20,2023-03-05,Homepage,View,158.0
2022,70,8,2023-11-13,ProductPage,View,77.0
2023,84,2,2025-02-20,Homepage,View,238.0
2024,1,18,2025-09-09,ProductPage,View,114.0
2025,61,19,2023-07-16,Homepage,Click,56.0
2026,10,5,2024-02-15,Homepage,Click,295.0
2027,91,4,2023-01-09,Checkout,Drop-off,
2028,24,7,2025-05-19,ProductPage,View,181.0
2029,90,13,2024-08-01,ProductPage,View,230.0
2030,21,10,2024-06-10,Homepage,View,171.0
2031,46,2,2023-10-18,Checkout,Drop-off,
2032,7,2,2023-07-15,ProductPage,View,75.0
2033,77,2,2025-09-19,Homepage,View,273.0
2034,36,19,2025-08-17,Checkout,Drop-off,
2035,46,18,2023-08-19,productpage,View,92.0
2036,70,4,2024-08-12,Homepage,Click,28.0
2037,72,2,2025-02-10,Homepage,View,180.0
2038,96,13,2023-02-12,ProductPage,View,288.0
2039,23,15,2025-02-25,Checkout,Drop-off,
2040,1,1,2023-03-11,Homepage,Click,26.0
2041,75,18,2025-09-08,ProductPage,Click,34.0
2042,85,2,2024-06-17,Homepage,Click,211.0
2043,8,20,2023-06-19,Homepage,View,69.0
2044,33,7,2025-11-05,ProductPage,View,17.0
2045,97,20,2024-07-02,ProductPage,View,217.0
2046,93,12,2023-04-20,ProductPage,View,77.0
2047,59,18,2024-04-07,ProductPage,View,186.0
2048,20,6,2024-01-14,Checkout,Drop-off,
2049,51,20,2023-12-11,ProductPage,View,142.0
2050,56,15,2023-07-31,Homepage,Click,126.0
2051,88,11,2025-08-12,ProductPage,Click,188.0
2052,31,11,2025-04-05,Homepage,View,192.0
2053,50,4,2024-06-17,ProductPage,View,289.0
2054,26,1,2023-01-31,Checkout,Drop-off,
2055,91,16,2023-10-01,Checkout,Drop-off,
2056,5,15,2024-02-15,ProductPage,View,129.0
2057,72,2,2024-10-06,Homepage,Click,240.0
2058,38,19,2023-11-16,ProductPage,Drop-off,
2059,52,14,2024-09-15,Homepage,View,29.0
2060,99,7,2024-06-20,Homepage,View,133.0
2061,46,5,2023-10-05,ProductPage,View,112.0
2062,34,16,2025-08-27,Checkout,Drop-off,
2063,52,13,2023-07-18,Homepage,Click,188.0
2064,30,12,2025-09-09,Homepage,Click,107.0
2065,40,4,2025-09-29,Homepage,View,130.0
2066,49,7,2023-10-23,Homepage,Click,186.0
2067,13,1,2023-11-05,Homepage,Click,255.0
2068,26,14,2023-05-17,Homepage,View,18.0
2069,89,12,2023-03-09,ProductPage,View,123.0
2070,6,10,2025-07-05,Homepage,View,154.0
2071,22,3,2025-08-23,Checkout,Drop-off,
2072,1,20,2023-05-29,Checkout,Drop-off,
2073,18,14,2023-08-12,ProductPage,View,25.0
2074,38,2,2024-12-29,Homepage,View,137.0
2075,21,9,2024-07-09,Checkout,Drop-off,
2076,98,3,2023-11-28,ProductPage,View,208.0
2077,98,10,2024-11-15,Checkout,Drop-off,
2078,84,20,2025-06-15,Homepage,Click,56.0
2079,4,13,2023-10-02,ProductPage,Click,153.0
2080,87,16,2023-10-09,Homepage,View,121.0
2081,26,15,2025-11-10,Checkout,Drop-off,
2082,68,11,2024-03-06,Homepage,Click,42.0
2083,19,13,2025-01-11,ProductPage,Click,162.0
2084,88,6,2024-08-17,homepage,View,174.0
2085,50,5,2024-06-24,Homepage,Click,43.0
2086,43,10,2024-01-16,Homepage,Click,176.0
2087,4,5,2023-07-01,Homepage,Click,135.0
2088,32,2,2025-10-05,Homepage,View,130.0
2089,85,18,2023-11-20,ProductPage,View,214.0
2090,78,2,2023-09-12,ProductPage,View,46.0
2091,41,9,2023-08-23,ProductPage,View,44.0
2092,64,12,2025-11-17,Homepage,Click,243.0
2093,52,6,2023-11-05,Homepage,Click,300.0
2094,18,2,2025-02-11,productpage,Click,231.0
2095,7,16,2024-11-10,Homepage,Click,57.0
2096,60,5,2025-01-28,Checkout,Purchase,242.0
2097,54,17,2024-06-15,Homepage,View,142.0
2098,82,19,2023-11-13,Checkout,Drop-off,
2099,89,15,2023-05-24,Homepage,View,185.0
2100,15,17,2023-12-30,ProductPage,View,97.0
2101,53,15,2024-08-14,Homepage,View,198.0
2102,81,1,2024-05-30,Homepage,View,281.0
2103,1,17,2024-01-29,Homepage,Click,211.0
2104,37,14,2025-07-03,Checkout,Drop-off,
2105,70,12,2025-08-04,Homepage,View,295.0
2106,83,11,2023-02-14,Checkout,Drop-off,
2107,58,12,2025-12-29,Homepage,Click,177.0
2108,34,5,2025-05-27,Homepage,View,226.0
2109,27,7,2023-07-22,Homepage,View,163.0
2110,67,14,2025-06-03,ProductPage,View,240.0
2111,94,10,2023-07-04,ProductPage,View,28.0
2112,30,15,2024-04-15,productpage,View,156.0
2113,11,16,2024-10-12,ProductPage,View,137.0
2114,40,5,2025-09-28,Homepage,View,298.0
2115,22,17,2024-10-20,Homepage,View,77.0
2116,20,8,2025-11-10,ProductPage,View,156.0
2117,63,16,2023-12-06,Homepage,Click,29.0
2118,70,19,2024-01-27,Homepage,View,176.0
2119,23,17,2024-08-28,Homepage,View,97.0
2120,77,20,2024-05-11,Checkout,Drop-off,
2121,66,7,2023-01-26,ProductPage,View,282.0
2122,21,5,2023-08-28,Homepage,View,79.0
2123,14,17,2025-03-03,Homepage,View,49.0
2124,1,3,2023-09-23,ProductPage,View,161.0
2125,21,14,2025-01-21,Checkout,Drop-off,
2126,16,7,2023-07-10,Homepage,Click,217.0
2127,98,16,2024-12-18,Checkout,Purchase,292.0
2128,45,17,2023-12-13,Checkout,Drop-off,
2129,89,11,2025-01-02,Checkout,Drop-off,
2130,30,15,2024-04-14,Homepage,View,130.0
2131,48,4,2024-02-08,Checkout,Drop-off,
2132,13,4,2023-03-17,ProductPage,View,22.0
2133,73,9,2024-05-24,Homepage,Click,208.0
2134,60,4,2025-05-04,ProductPage,Click,160.0
2135,53,19,2023-04-24,Homepage,View,272.0
2136,16,12,2023-10-17,Checkout,Drop-off,
2137,54,16,2025-07-20,productpage,View,117.0
2138,33,18,2024-04-04,ProductPage,View,133.0
2139,49,11,2024-04-11,ProductPage,View,84.0
2140,48,16,2024-06-20,Homepage,Click,29.0
2141,40,3,2025-09-22,ProductPage,Click,191.0
2142,34,11,2023-07-31,Homepage,Click,224.0
2143,46,16,2024-12-04,ProductPage,Click,283.0
2144,82,14,2024-10-15,Homepage,View,281.0
2145,66,19,2025-06-01,ProductPage,View,207.0
2146,54,1,2025-10-01,ProductPage,View,187.0
2147,83,3,2024-06-12,Checkout,Drop-off,
2148,39,10,2024-12-26,ProductPage,View,176.0
2149,33,14,2023-12-24,Homepage,Click,63.0
2150,14,13,2023-10-23,Homepage,Click,121.0
2151,73,9,2024-02-18,Homepage,View,152.0
2152,41,15,2024-12-31,ProductPage,View,262.0
2153,65,16,2024-02-09,ProductPage,View,289.0
2154,19,9,2025-01-14,Checkout,Drop-off,
2155,70,14,2023-04-24,ProductPage,View,126.0
2156,30,20,2024-04-05,Homepage,View,60.0
2157,90,16,2024-03-10,Checkout,Drop-off,
2158,3,14,2023-06-18,ProductPage,View,39.0
2159,4,8,2025-12-15,ProductPage,View,259.0
2160,66,10,2025-09-05,Homepage,View,150.0
2161,42,17,2023-12-18,ProductPage,View,144.0
2162,26,15,2023-06-09,Homepage,Click,219.0
2163,46,18,2025-07-26,ProductPage,Click,217.0
2164,29,3,2023-07-04,Checkout,Purchase,174.0
2165,45,4,2025-10-12,ProductPage,View,35.0
2166,99,14,2023-06-24,ProductPage,View,246.0
2167,29,6,2025-04-08,productpage,View,123.0
2168,84,11,2023-01-17,Homepage,View,22.0
2169,5,19,2024-01-13,homepage,View,135.0
2170,67,10,2024-09-08,Checkout,Drop-off,
2171,73,7,2023-05-03,Checkout,Drop-off,
2172,61,8,2024-12-01,Homepage,Click,139.0
2173,98,2,2023-01-14,ProductPage,Click,298.0
2174,95,3,2024-07-30,Checkout,Purchase,63.0
2175,12,10,2024-03-28,Homepage,Click,280.0
2176,63,7,2025-08-02,ProductPage,Click,134.0
2177,77,19,2025-01-06,ProductPage,Click,183.0
2178,34,5,2023-08-22,productpage,Click,41.0
2179,63,6,2024-10-01,Checkout,Purchase,122.0
2180,72,14,2023-11-17,Homepage,Click,106.0
2181,59,17,2024-09-25,Checkout,Purchase,145.0
2182,72,9,2023-06-21,homepage,View,19.0
2183,54,18,2024-10-11,Homepage,Click,294.0
2184,34,7,2023-06-02,ProductPage,Click,275.0
2185,39,12,2023-03-17,ProductPage,Click,57.0
2186,57,20,2023-12-03,ProductPage,Click,224.0
2187,1,9,2024-10-23,Checkout,Purchase,10.0
2188,95,2,2023-06-06,ProductPage,View,237.0
2189,49,20,2025-01-06,ProductPage,View,130.0
2190,33,16,2025-05-10,Homepage,Click,233.0
2191,7,8,2024-12-23,ProductPage,Click,289.0
2192,93,17,2024-06-21,Homepage,Click,48.0
2193,19,20,2024-11-25,Homepage,Click,162.0
2194,33,14,2023-06-04,Checkout,Purchase,217.0
2195,75,10,2025-01-24,ProductPage,View,258.0
2196,46,12,2025-04-21,ProductPage,View,150.0
2197,58,2,2024-03-25,ProductPage,View,23.0
2198,34,16,2023-09-01,ProductPage,View,187.0
2199,7,15,2023-01-31,Homepage,View,122.0
2200,93,16,2024-05-08,Checkout,Drop-off,
2201,84,6,2025-07-10,ProductPage,View,45.0
2202,5,3,2024-09-07,Homepage,Click,121.0
2203,6,11,2024-08-22,ProductPage,Click,136.0
2204,81,3,2023-01-18,ProductPage,Click,234.0
2205,100,9,2024-08-23,Homepage,Click,20.0
2206,10,1,2025-03-10,Homepage,Click,16.0
2207,11,14,2025-03-17,Homepage,Click,52.0
2208,60,1,2025-06-04,ProductPage,Click,281.0
2209,97,4,2025-04-19,Checkout,Purchase,23.0
2210,89,17,2024-11-30,Checkout,Drop-off,
2211,67,7,2025-04-06,Homepage,View,34.0
2212,49,17,2025-01-14,Homepage,View,152.0
2213,84,14,2023-07-29,Checkout,Drop-off,
2214,92,14,2024-08-15,ProductPage,View,258.0
2215,49,19,2023-02-14,Checkout,Drop-off,
2216,51,16,2025-08-05,ProductPage,View,249.0
2217,28,20,2024-06-19,Homepage,View,28.0
2218,51,3,2025-12-14,Homepage,Click,115.0
2219,14,20,2024-01-02,Homepage,Click,145.0
2220,99,3,2024-06-26,ProductPage,Click,281.0
2221,41,12,2023-07-08,Homepage,View,292.0
2222,84,3,2023-05-19,Homepage,Click,222.0
2223,61,20,2023-11-11,ProductPage,Click,159.0
2224,88,4,2023-06-01,Checkout,Purchase,89.0
2225,44,10,2023-10-29,ProductPage,View,107.0
2226,4,9,2024-03-20,Homepage,View,259.0
2227,35,13,2025-07-30,Checkout,Drop-off,
2228,92,14,2023-08-18,Homepage,Click,193.0
2229,7,8,2023-06-11,ProductPage,Click,181.0
2230,74,3,2023-01-11,Checkout,Purchase,219.0
2231,70,2,2023-03-12,Homepage,View,20.0
2232,35,16,2023-06-18,Homepage,View,89.0
2233,95,6,2024-01-07,Homepage,Click,266.0
2234,31,3,2025-07-03,Checkout,Purchase,107.0
2235,13,8,2023-05-14,Checkout,Drop-off,
2236,41,16,2025-12-20,ProductPage,View,171.0
2237,72,4,2023-05-02,Homepage,View,52.0
2238,22,19,2024-11-14,Homepage,View,268.0
2239,83,18,2025-03-30,Homepage,Click,134.0
2240,19,6,2025-06-09,ProductPage,Click,107.0
2241,84,1,2024-01-12,productpage,Click,15.0
2242,54,6,2024-11-17,Homepage,View,234.0
2243,25,4,2025-03-20,ProductPage,View,141.0
2244,22,3,2025-05-17,ProductPage,View,139.0
2245,33,17,2025-02-16,Homepage,View,247.0
2246,11,15,2023-06-04,ProductPage,View,114.0
2247,38,18,2025-04-25,Checkout,Drop-off,
2248,36,20,2024-05-16,ProductPage,View,152.0
2249,61,2,2025-07-21,ProductPage,View,131.0
2250,25,9,2025-05-29,ProductPage,View,122.0
2251,42,14,2025-08-07,ProductPage,View,231.0
2252,3,7,2023-01-12,Homepage,View,64.0
2253,57,15,2023-05-26,ProductPage,View,274.0
2254,74,1,2025-08-28,Homepage,Click,151.0
2255,13,12,2025-09-23,Homepage,View,281.0
2256,3,13,2025-12-15,Homepage,View,284.0
2257,37,12,2025-11-10,ProductPage,View,87.0
2258,77,9,2023-08-01,Homepage,View,221.0
2259,73,15,2025-12-24,ProductPage,View,133.0
2260,17,18,2025-12-26,Homepage,Click,92.0
2261,93,13,2023-05-13,ProductPage,Click,74.0
2262,83,9,2025-09-08,Checkout,Purchase,117.0
2263,38,1,2024-04-21,ProductPage,View,67.0
2264,73,5,2025-04-13,Homepage,View,249.0
2265,1,11,2024-09-01,Homepage,View,15.0
2266,97,11,2025-08-27,Homepage,Click,227.0
2267,29,18,2023-04-07,Homepage,Click,194.0
2268,83,16,2023-12-24,Homepage,Click,284.0
2269,59,11,2024-12-23,Checkout,Drop-off,
2270,89,3,2023-11-02,ProductPage,View,222.0
2271,1,7,2025-09-17,Checkout,Drop-off,
2272,57,6,2023-08-20,Checkout,Drop-off,
2273,65,18,2023-03-28,ProductPage,View,70.0
2274,27,1,2024-09-12,Checkout,Drop-off,
2275,28,1,2025-07-08,ProductPage,View,21.0
2276,10,19,2025-11-07,Homepage,View,12.0
2277,45,5,2025-07-14,Checkout,Drop-off,
2278,81,9,2024-06-22,Homepage,Click,270.0
2279,33,2,2025-09-05,ProductPage,Click,149.0
2280,90,16,2023-04-17,Homepage,Click,183.0
2281,93,4,2024-04-21,ProductPage,Click,172.0
2282,69,2,2023-01-05,Homepage,View,55.0
2283,65,15,2023-08-24,ProductPage,View,254.0
2284,58,3,2023-06-12,ProductPage,View,292.0
2285,45,7,2024-07-22,ProductPage,View,276.0
2286,8,19,2023-11-20,Homepage,View,63.0
2287,87,3,2023-02-18,Homepage,View,120.0
2288,29,4,2023-07-27,Homepage,Click,141.0
2289,91,12,2023-07-16,ProductPage,Click,252.0
2290,97,15,2024-01-09,Homepage,View,53.0
2291,93,19,2024-03-03,ProductPage,View,266.0
2292,19,2,2025-06-25,ProductPage,View,216.0
2293,73,5,2024-06-27,Checkout,Drop-off,
2294,66,7,2025-06-06,ProductPage,View,134.0
2295,67,9,2025-07-04,Homepage,View,239.0
2296,44,9,2023-01-22,ProductPage,View,143.0
2297,70,15,2023-12-18,Homepage,View,203.0
2298,85,2,2024-11-26,Homepage,View,179.0
2299,45,2,2023-07-04,ProductPage,View,188.0
2300,45,12,2024-02-10,ProductPage,View,298.0
2301,24,1,2025-10-06,Homepage,View,285.0
2302,36,2,2025-04-19,Checkout,Drop-off,
2303,58,3,2025-09-08,Homepage,View,155.0
2304,79,16,2024-05-27,ProductPage,View,13.0
2305,95,9,2025-09-06,productpage,View,58.0
2306,37,18,2023-01-21,Checkout,Drop-off,
2307,5,11,2023-06-28,ProductPage,View,104.0
2308,34,8,2023-07-16,Homepage,Click,121.0
2309,21,7,2025-08-20,ProductPage,Click,30.0
2310,31,3,2023-09-23,ProductPage,Click,133.0
2311,75,8,2023-09-11,Checkout,Purchase,34.0
2312,84,17,2025-06-09,ProductPage,View,279.0
2313,8,16,2023-07-18,ProductPage,View,160.0
2314,29,10,2024-04-27,ProductPage,View,24.0
2315,68,7,2024-08-08,ProductPage,View,70.0
2316,62,13,2024-09-24,Homepage,View,207.0
2317,38,8,2024-02-06,ProductPage,View,138.0
2318,85,13,2024-12-08,ProductPage,View,108.0
2319,20,5,2023-12-30,ProductPage,View,68.0
2320,65,18,2023-04-11,Homepage,Click,176.0
2321,46,9,2024-05-20,ProductPage,Click,213.0
2322,84,13,2024-11-10,homepage,Click,145.0
2323,91,3,2023-03-06,Homepage,View,51.0
2324,21,12,2025-04-09,Homepage,Click,104.0
2325,96,11,2023-08-09,checkout,Purchase,221.0
2326,80,10,2025-06-03,ProductPage,View,113.0
2327,21,1,2023-11-07,Homepage,View,228.0
2328,85,17,2024-12-27,ProductPage,View,283.0
2329,17,16,2025-01-17,Homepage,Click,63.0
2330,64,6,2025-02-20,ProductPage,Click,251.0
2331,30,10,2025-07-15,Homepage,Click,206.0
2332,40,8,2023-02-23,Checkout,Purchase,292.0
2333,67,6,2024-10-22,ProductPage,View,193.0
2334,30,12,2025-06-29,ProductPage,View,94.0
2335,49,5,2025-04-30,ProductPage,View,18.0
2336,89,8,2025-02-21,ProductPage,View,33.0
2337,88,13,2024-12-11,ProductPage,View,194.0
2338,80,8,2025-06-21,Homepage,View,205.0
2339,39,2,2023-08-04,Homepage,View,272.0
2340,43,16,2024-08-06,Checkout,Drop-off,
2341,17,8,2025-06-11,ProductPage,View,76.0
2342,90,10,2024-03-25,Checkout,Drop-off,
2343,34,14,2024-04-03,ProductPage,View,100.0
2344,45,5,2025-07-12,Checkout,Drop-off,
2345,10,12,2025-06-20,Homepage,View,278.0
2346,100,7,2024-03-03,checkout,Drop-off,
2347,92,14,2023-05-25,ProductPage,View,158.0
2348,7,6,2024-04-11,Checkout,Drop-off,
2349,88,20,2024-10-12,ProductPage,View,47.0
2350,100,2,2023-02-18,ProductPage,View,286.0
2351,83,9,2025-12-21,Homepage,View,85.0
2352,33,18,2023-06-14,ProductPage,View,58.0
2353,41,14,2024-05-28,Homepage,View,144.0
2354,70,5,2023-01-14,Homepage,Click,276.0
2355,17,10,2024-09-09,Checkout,Purchase,26.0
2356,47,8,2025-02-18,homepage,View,285.0
2357,82,5,2025-02-19,ProductPage,View,236.0
2358,96,19,2024-08-27,Homepage,View,123.0
2359,49,1,2025-08-17,Checkout,Drop-off,
2360,82,4,2023-09-26,ProductPage,View,204.0
2361,71,20,2023-03-20,Homepage,View,158.0
2362,25,12,2023-11-15,Checkout,Drop-off,
2363,83,16,2023-12-11,ProductPage,View,172.0
2364,37,18,2025-06-16,Checkout,Drop-off,
2365,63,2,2025-01-24,ProductPage,View,56.0
2366,69,7,2025-10-03,Homepage,View,116.0
2367,59,12,2024-04-17,Homepage,Click,100.0
2368,79,18,2025-09-14,Homepage,View,140.0
2369,94,2,2024-11-15,Homepage,Click,181.0
2370,17,1,2024-01-11,Homepage,Click,70.0
2371,65,15,2023-05-06,Checkout,Purchase,67.0
2372,98,19,2025-06-26,Homepage,View,213.0
2373,80,4,2023-07-21,Homepage,View,93.0
2374,8,17,2025-09-12,Homepage,View,293.0
2375,29,13,2025-04-03,Homepage,View,188.0
2376,24,8,2025-08-14,Homepage,Click,20.0
2377,66,20,2023-06-28,Checkout,Purchase,21.0
2378,77,14,2024-08-22,Checkout,Drop-off,
2379,42,10,2025-03-29,Homepage,Click,25.0
2380,12,9,2023-01-11,Checkout,Purchase,123.0
2381,4,19,2023-02-09,Homepage,View,273.0
2382,82,3,2023-02-26,ProductPage,View,131.0
2383,22,2,2023-09-06,Homepage,Click,195.0
2384,11,7,2023-01-08,ProductPage,Click,17.0
2385,76,15,2025-09-20,Checkout,Purchase,254.0
2386,94,10,2024-09-17,Homepage,View,279.0
2387,22,2,2024-06-04,ProductPage,View,92.0
2388,54,4,2024-11-01,Homepage,View,58.0
2389,88,16,2023-06-04,Homepage,Click,95.0
2390,45,1,2024-09-30,Checkout,Purchase,91.0
2391,11,15,2024-07-22,Checkout,Drop-off,
2392,58,2,2023-11-11,ProductPage,View,140.0
2393,52,20,2023-10-02,Homepage,Click,163.0
2394,87,5,2025-09-30,ProductPage,Click,273.0
2395,74,9,2023-10-11,ProductPage,Click,245.0
2396,59,13,2025-08-10,ProductPage,Click,89.0
2397,72,9,2025-11-08,ProductPage,Click,197.0
2398,97,5,2024-12-02,Homepage,Click,66.0
2399,2,17,2024-03-20,Checkout,Purchase,197.0
2400,85,18,2024-04-26,ProductPage,View,135.0
2401,15,4,2023-07-02,Homepage,Click,86.0
2402,70,2,2023-07-08,ProductPage,Click,222.0
2403,63,14,2023-08-09,ProductPage,Click,274.0
2404,47,19,2023-12-09,Checkout,Purchase,55.0
2405,78,11,2023-08-26,ProductPage,View,287.0
2406,69,11,2024-01-22,ProductPage,View,172.0
2407,23,12,2025-02-02,Checkout,Drop-off,
2408,46,8,2023-08-23,ProductPage,View,186.0
2409,39,18,2025-06-18,Homepage,Click,141.0
2410,43,4,2025-10-06,ProductPage,Click,224.0
2411,23,1,2024-05-25,checkout,Purchase,44.0
2412,88,12,2025-01-18,ProductPage,View,108.0
2413,30,14,2023-05-02,ProductPage,View,73.0
2414,75,12,2024-09-03,homepage,Click,159.0
2415,83,16,2024-08-12,ProductPage,Click,193.0
2416,29,20,2023-03-03,ProductPage,Click,163.0
2417,42,12,2023-12-15,Checkout,Purchase,171.0
2418,92,6,2025-10-27,Homepage,View,238.0
2419,58,14,2023-02-14,ProductPage,View,63.0
2420,69,1,2025-12-08,productpage,View,166.0
2421,62,5,2024-02-21,Homepage,View,178.0
2422,15,2,2023-11-29,ProductPage,View,185.0
2423,97,8,2025-10-15,Checkout,Drop-off,
2424,81,17,2023-11-16,ProductPage,View,76.0
2425,45,11,2024-10-12,ProductPage,View,187.0
2426,71,19,2024-05-11,ProductPage,View,192.0
2427,57,1,2023-12-25,Homepage,Click,155.0
2428,87,9,2023-07-20,Checkout,Purchase,150.0
2429,32,19,2024-02-19,ProductPage,View,251.0
2430,41,1,2023-08-31,Homepage,View,251.0
2431,52,2,2025-05-08,homepage,View,12.0
2432,76,20,2024-03-29,Homepage,Click,160.0
2433,90,8,2024-01-30,ProductPage,Click,256.0
2434,77,16,2023-05-31,Homepage,Click,152.0
2435,71,3,2025-02-25,ProductPage,Click,101.0
2436,19,16,2023-08-11,Homepage,View,275.0
2437,9,12,2023-04-27,checkout,Drop-off,
2438,41,5,2023-08-11,Checkout,Drop-off,
2439,6,10,2025-01-07,Checkout,Drop-off,
2440,69,8,2025-05-09,homepage,View,107.0
2441,43,20,2025-02-19,Checkout,Drop-off,
2442,100,15,2025-09-06,ProductPage,View,248.0
2443,82,2,2023-09-21,Homepage,View,125.0
2444,21,15,2024-05-16,ProductPage,View,134.0
2445,84,9,2025-05-25,ProductPage,View,99.0
2446,21,1,2024-11-16,ProductPage,View,22.0
2447,29,5,2025-11-23,Homepage,View,264.0
2448,4,7,2023-10-23,Homepage,View,24.0
2449,64,12,2024-09-18,Homepage,View,239.0
2450,98,4,2023-07-20,Checkout,Drop-off,
2451,99,13,2024-07-13,ProductPage,View,73.0
2452,42,7,2024-04-29,ProductPage,View,292.0
2453,64,11,2025-05-29,Homepage,View,32.0
2454,51,16,2025-05-16,Homepage,Click,48.0
2455,33,9,2025-03-18,ProductPage,Click,144.0
2456,69,15,2025-03-21,Homepage,View,217.0
2457,31,5,2025-01-12,ProductPage,View,38.0
2458,25,12,2023-11-04,ProductPage,View,112.0
2459,42,15,2023-03-20,Homepage,View,188.0
2460,42,8,2023-07-25,ProductPage,View,111.0
2461,82,9,2024-03-22,ProductPage,View,74.0
2462,57,8,2025-07-22,Checkout,Drop-off,
2463,70,8,2023-07-03,ProductPage,View,282.0
2464,45,12,2025-06-15,Homepage,View,140.0
2465,65,19,2024-06-27,ProductPage,View,49.0
2466,24,17,2023-08-11,ProductPage,View,132.0
2467,3,1,2024-03-01,Homepage,View,205.0
2468,83,7,2024-03-30,Checkout,Drop-off,
2469,25,18,2025-11-30,ProductPage,View,93.0
2470,93,1,2025-11-24,ProductPage,View,278.0
2471,46,7,2024-02-17,Homepage,View,199.0
2472,61,20,2023-03-24,Homepage,Click,108.0
2473,1,10,2023-02-12,checkout,Purchase,271.0
2474,36,9,2025-05-06,Checkout,Drop-off,
2475,95,4,2025-08-10,productpage,View,91.0
2476,20,10,2024-12-05,Homepage,View,25.0
2477,43,1,2023-09-05,Homepage,View,280.0
2478,78,15,2023-08-09,Homepage,Click,269.0
2479,23,16,2024-11-06,ProductPage,Click,145.0
2480,76,13,2023-12-20,Checkout,Purchase,139.0
2481,51,18,2025-11-19,ProductPage,View,238.0
2482,12,1,2025-02-07,Homepage,View,280.0
2483,49,11,2023-02-10,ProductPage,View,287.0
2484,42,9,2023-10-01,Checkout,Drop-off,
2485,4,2,2023-08-07,Checkout,Drop-off,
2486,99,5,2023-02-14,Homepage,Click,178.0
2487,82,5,2023-04-26,Checkout,Purchase,294.0
2488,31,11,2025-05-31,ProductPage,View,232.0
2489,55,13,2024-07-12,ProductPage,View,29.0
2490,1,6,2023-02-19,ProductPage,View,196.0
2491,51,14,2024-06-17,ProductPage,View,211.0
2492,41,4,2024-11-06,ProductPage,View,240.0
2493,68,6,2025-01-06,ProductPage,View,291.0
2494,19,20,2024-09-14,Homepage,View,57.0
2495,62,6,2023-06-26,Homepage,View,265.0
2496,45,1,2024-03-04,Checkout,Drop-off,
2497,40,1,2024-01-29,ProductPage,View,21.0
2498,86,7,2023-09-18,ProductPage,View,264.0
2499,40,1,2024-07-16,ProductPage,View,176.0
2500,22,9,2023-03-17,ProductPage,View,17.0
2501,79,3,2023-08-14,ProductPage,View,146.0
2502,6,4,2024-01-28,Homepage,View,121.0
2503,85,8,2023-07-09,Checkout,Drop-off,
2504,90,2,2024-12-06,Homepage,Click,252.0
2505,52,6,2023-09-09,checkout,Purchase,112.0
2506,100,19,2024-07-22,Checkout,Drop-off,
2507,86,1,2025-05-19,homepage,View,153.0
2508,96,16,2025-03-30,Checkout,Drop-off,
2509,91,11,2024-11-16,ProductPage,View,95.0
2510,34,4,2024-02-14,ProductPage,View,79.0
2511,5,19,2023-08-30,Homepage,View,207.0
2512,59,8,2023-11-27,Homepage,View,96.0
2513,95,18,2024-05-06,Homepage,Click,267.0
2514,94,9,2024-04-19,Homepage,View,194.0
2515,98,20,2023-07-29,ProductPage,View,36.0
2516,56,9,2023-01-17,checkout,Drop-off,
2517,83,13,2025-10-15,ProductPage,View,157.0
2518,20,9,2024-08-01,Checkout,Drop-off,
2519,8,13,2024-05-22,ProductPage,View,216.0
2520,64,10,2023-06-22,Homepage,View,27.0
2521,62,15,2025-02-22,ProductPage,View,117.0
2522,35,11,2023-11-25,ProductPage,View,131.0
2523,31,2,2024-05-28,homepage,Click,26.0
2524,52,13,2024-02-12,Homepage,View,241.0
2525,92,2,2025-05-14,Homepage,View,144.0
2526,44,8,2024-08-20,homepage,View,233.0
2527,92,4,2024-04-12,Checkout,Drop-off,
2528,70,3,2024-07-29,ProductPage,View,25.0
2529,15,1,2024-02-05,Checkout,Drop-off,
2530,88,18,2023-06-01,Homepage,View,39.0
2531,31,5,2023-08-24,Checkout,Drop-off,
2532,50,6,2023-02-06,Homepage,Click,153.0
2533,16,2,2025-10-21,Homepage,Click,79.0
2534,45,7,2024-08-13,ProductPage,Click,120.0
2535,28,4,2024-01-20,Homepage,View,295.0
2536,3,12,2024-01-31,Homepage,View,270.0
2537,31,13,2025-06-22,Homepage,Click,118.0
2538,62,17,2025-03-16,Homepage,Click,226.0
2539,86,2,2024-05-08,Checkout,Purchase,197.0
2540,57,14,2025-02-24,Checkout,Drop-off,
2541,92,15,2023-10-17,ProductPage,View,136.0
2542,41,2,2023-04-23,Homepage,Click,289.0
2543,10,7,2025-02-13,productpage,Click,215.0
2544,40,16,2024-06-15,Homepage,Click,127.0
2545,43,17,2025-04-12,ProductPage,Drop-off,
2546,52,14,2023-01-26,Homepage,Click,243.0
2547,1,20,2024-01-10,ProductPage,Click,70.0
2548,91,5,2023-08-10,Checkout,Purchase,131.0
2549,82,14,2024-11-25,Homepage,Click,215.0
2550,10,20,2024-07-29,ProductPage,Click,142.0
2551,32,14,2025-03-08,Checkout,Purchase,133.0
2552,75,8,2025-11-15,Homepage,Click,197.0
2553,14,4,2024-06-21,ProductPage,Click,214.0
2554,87,9,2023-05-07,checkout,Purchase,224.0
2555,13,16,2025-10-06,ProductPage,View,297.0
2556,1,15,2024-06-15,ProductPage,View,125.0
2557,76,13,2024-06-14,Homepage,View,136.0
2558,35,9,2023-06-28,Homepage,View,78.0
2559,13,9,2023-02-08,Checkout,Drop-off,
2560,2,3,2025-10-25,Checkout,Drop-off,
2561,59,20,2023-11-20,Homepage,View,60.0
2562,88,14,2025-02-20,Homepage,Click,134.0
2563,66,10,2025-12-06,Homepage,View,30.0
2564,43,10,2025-03-05,Homepage,View,128.0
2565,30,16,2025-01-07,Homepage,View,185.0
2566,34,2,2025-06-18,Homepage,View,291.0
2567,84,6,2023-06-07,ProductPage,View,249.0
2568,22,3,2024-07-05,Homepage,Click,142.0
2569,9,4,2024-12-16,ProductPage,Click,98.0
2570,47,2,2024-03-17,ProductPage,Click,226.0
2571,10,19,2024-01-16,ProductPage,Click,33.0
2572,41,15,2025-02-17,ProductPage,Click,191.0
2573,28,15,2025-08-10,Homepage,View,57.0
2574,29,5,2024-10-17,Checkout,Drop-off,
2575,3,15,2023-07-16,ProductPage,View,229.0
2576,40,4,2023-08-26,Homepage,View,137.0
2577,84,20,2024-04-22,Checkout,Drop-off,
2578,78,7,2023-06-04,Homepage,Click,110.0
2579,69,14,2023-12-12,ProductPage,Click,224.0
2580,32,7,2023-05-05,Homepage,View,118.0
2581,82,16,2025-07-26,Homepage,View,194.0
2582,79,19,2023-12-13,ProductPage,View,216.0
2583,59,18,2025-10-30,Homepage,Click,92.0
2584,98,20,2025-07-09,Homepage,View,293.0
2585,12,5,2024-10-12,ProductPage,View,272.0
2586,24,3,2025-07-19,checkout,Drop-off,
2587,89,19,2023-06-05,checkout,Drop-off,
2588,63,5,2025-02-10,Homepage,View,85.0
2589,54,19,2023-02-22,Checkout,Drop-off,
2590,48,17,2023-04-23,Homepage,Click,176.0
2591,17,12,2024-07-22,Homepage,View,20.0
2592,8,12,2023-10-12,ProductPage,View,15.0
2593,13,16,2023-01-07,ProductPage,View,184.0
2594,57,11,2024-10-28,ProductPage,View,213.0
2595,27,16,2025-10-19,Homepage,Click,20.0
2596,3,17,2024-07-03,Homepage,View,261.0
2597,7,6,2024-07-01,ProductPage,View,273.0
2598,48,20,2025-02-11,ProductPage,View,158.0
2599,69,11,2025-11-25,Checkout,Drop-off,
2600,78,2,2025-02-08,Checkout,Drop-off,
2601,44,6,2025-12-21,Checkout,Drop-off,
2602,76,14,2025-09-22,ProductPage,View,294.0
2603,4,2,2025-01-16,Homepage,View,254.0
2604,66,12,2024-01-12,Homepage,View,171.0
2605,19,3,2024-10-07,Homepage,View,217.0
2606,9,18,2025-05-29,ProductPage,View,137.0
2607,29,11,2024-02-06,Homepage,View,43.0
2608,60,15,2025-10-04,Homepage,Click,242.0
2609,32,20,2025-10-18,Homepage,View,114.0
2610,19,20,2025-11-23,Homepage,View,121.0
2611,81,19,2024-03-02,Homepage,View,95.0
2612,38,15,2024-08-08,Homepage,View,229.0
2613,66,20,2024-04-05,Checkout,Drop-off,
2614,5,5,2025-07-09,Homepage,Click,183.0
2615,37,9,2023-02-22,Checkout,Purchase,272.0
2616,6,18,2025-12-20,Homepage,View,162.0
2617,12,19,2023-04-15,ProductPage,View,142.0
2618,61,16,2025-11-01,ProductPage,View,266.0
2619,88,11,2025-11-13,Checkout,Drop-off,
2620,100,3,2025-02-20,Checkout,Drop-off,
2621,44,9,2024-12-05,Homepage,Click,33.0
2622,36,7,2023-11-06,Homepage,Click,294.0
2623,13,15,2023-04-28,Homepage,View,138.0
2624,48,1,2023-04-25,Homepage,View,167.0
2625,59,9,2024-06-16,Homepage,View,209.0
2626,85,10,2025-05-04,Homepage,View,266.0
2627,92,12,2024-05-25,Homepage,View,181.0
2628,99,19,2023-07-18,ProductPage,View,226.0
2629,92,10,2025-11-20,Homepage,View,255.0
2630,70,2,2024-09-10,Homepage,View,193.0
2631,7,1,2023-03-03,Homepage,Click,30.0
2632,69,5,2025-04-29,ProductPage,Click,96.0
2633,94,4,2023-04-23,ProductPage,Click,56.0
2634,84,20,2025-01-31,ProductPage,Click,251.0
2635,11,14,2025-05-30,Checkout,Purchase,184.0
2636,91,12,2024-05-01,ProductPage,View,101.0
2637,57,13,2024-03-06,Checkout,Drop-off,
2638,28,3,2025-03-07,ProductPage,View,262.0
2639,53,1,2023-11-23,Homepage,View,23.0
2640,76,17,2025-04-03,Checkout,Drop-off,
2641,85,18,2024-12-15,ProductPage,View,61.0
2642,25,17,2024-06-08,Checkout,Drop-off,
2643,8,18,2023-09-26,Homepage,View,110.0
2644,17,10,2025-03-29,Checkout,Drop-off,
2645,4,2,2023-05-13,Homepage,View,270.0
2646,18,8,2024-11-13,Homepage,Click,223.0
2647,30,2,2025-10-14,Homepage,Click,216.0
2648,50,4,2024-11-09,Homepage,View,261.0
2649,82,19,2024-08-11,homepage,Click,177.0
2650,47,3,2024-07-30,ProductPage,Click,207.0
2651,76,3,2023-07-19,ProductPage,Click,191.0
2652,21,6,2025-02-14,ProductPage,Click,117.0
2653,86,2,2023-06-08,ProductPage,Click,247.0
2654,86,4,2023-07-30,ProductPage,Click,146.0
2655,84,4,2023-10-09,homepage,View,146.0
2656,41,9,2023-08-30,Checkout,Drop-off,
2657,63,14,2023-09-11,Homepage,View,116.0
2658,76,6,2024-11-19,Homepage,View,87.0
2659,69,4,2023-12-01,Checkout,Drop-off,
2660,28,7,2025-01-21,ProductPage,View,193.0
2661,41,9,2023-04-12,ProductPage,View,260.0
2662,92,10,2023-01-30,Homepage,View,47.0
2663,72,2,2023-03-15,Checkout,Drop-off,
2664,60,17,2024-10-30,Homepage,Click,73.0
2665,70,6,2024-04-05,ProductPage,Click,300.0
2666,39,16,2025-04-26,Homepage,View,48.0
2667,61,1,2025-02-22,Homepage,View,294.0
2668,91,9,2025-10-27,Checkout,Drop-off,
2669,22,7,2024-09-14,Homepage,Click,204.0
2670,87,19,2023-08-13,ProductPage,Click,54.0
2671,4,16,2024-09-16,Checkout,Purchase,274.0
2672,100,17,2025-06-07,ProductPage,View,172.0
2673,87,10,2025-03-26,homepage,Click,204.0
2674,40,1,2024-08-01,ProductPage,Click,219.0
2675,83,12,2023-11-24,Checkout,Purchase,136.0
2676,35,14,2024-01-24,ProductPage,View,269.0
2677,26,2,2023-07-17,Homepage,View,57.0
2678,60,5,2023-01-10,Homepage,Click,222.0
2679,85,5,2024-03-27,Homepage,View,111.0
2680,41,2,2024-02-08,Homepage,Click,74.0
2681,10,10,2025-05-21,Checkout,Purchase,171.0
2682,91,12,2023-12-19,ProductPage,View,147.0
2683,67,3,2024-12-28,Homepage,Click,290.0
2684,81,16,2025-07-22,Homepage,View,215.0
2685,20,20,2025-03-21,Homepage,Click,46.0
2686,50,9,2025-11-25,ProductPage,Click,99.0
2687,47,1,2025-12-08,Homepage,Click,270.0
2688,6,17,2024-02-15,Homepage,Click,157.0
2689,90,8,2024-01-26,ProductPage,Click,77.0
2690,90,9,2023-08-22,ProductPage,Click,23.0
2691,79,13,2024-02-19,ProductPage,Click,207.0
2692,75,10,2025-02-26,ProductPage,Click,65.0
2693,41,17,2023-02-22,ProductPage,Click,133.0
2694,47,7,2025-08-25,ProductPage,Click,266.0
2695,90,11,2024-04-02,homepage,View,120.0
2696,1,3,2025-07-09,ProductPage,View,110.0
2697,76,9,2025-04-21,Homepage,Click,191.0
2698,3,14,2024-04-03,Homepage,View,298.0
2699,45,19,2025-07-18,ProductPage,View,14.0
2700,70,2,2023-04-27,ProductPage,View,199.0
2701,57,1,2024-05-01,Homepage,View,239.0
2702,68,17,2024-08-13,ProductPage,View,91.0
2703,53,7,2023-09-28,Checkout,Drop-off,
2704,10,5,2024-04-23,Homepage,View,265.0
2705,52,12,2025-06-24,ProductPage,View,10.0
2706,72,14,2023-02-23,Checkout,Drop-off,
2707,28,8,2024-06-03,Homepage,Click,298.0
2708,12,20,2025-12-30,Checkout,Purchase,33.0
2709,47,11,2024-01-11,Homepage,Click,98.0
2710,95,11,2023-01-12,ProductPage,Click,87.0
2711,20,14,2024-08-21,Homepage,View,76.0
2712,29,19,2025-04-14,ProductPage,View,207.0
2713,9,6,2025-06-20,Homepage,View,45.0
2714,72,18,2023-02-24,Homepage,Click,221.0
2715,79,11,2024-08-30,ProductPage,Click,206.0
2716,94,16,2023-11-06,Homepage,Click,93.0
2717,14,12,2023-03-02,Homepage,View,291.0
2718,68,2,2025-07-29,ProductPage,View,153.0
2719,20,5,2024-10-21,Homepage,View,297.0
2720,26,6,2025-09-25,Homepage,Click,119.0
2721,56,8,2025-09-11,Homepage,View,67.0
2722,76,17,2024-08-28,Homepage,View,222.0
2723,68,6,2025-07-30,ProductPage,View,140.0
2724,84,3,2025-08-25,Checkout,Drop-off,
2725,72,1,2025-09-08,Homepage,View,209.0
2726,94,19,2025-09-12,Homepage,Click,144.0
2727,50,14,2025-08-14,Homepage,View,13.0
2728,15,4,2023-01-12,Homepage,Click,239.0
2729,64,4,2025-12-09,Homepage,Click,75.0
2730,32,18,2023-05-23,Homepage,Click,163.0
2731,85,3,2024-10-20,Homepage,Click,177.0
2732,12,9,2024-09-21,ProductPage,Click,123.0
2733,55,8,2024-02-27,Checkout,Purchase,41.0
2734,68,9,2024-03-27,ProductPage,View,71.0
2735,57,1,2023-05-04,Checkout,Drop-off,
2736,74,14,2023-12-17,ProductPage,View,26.0
2737,47,17,2023-08-24,Homepage,Click,145.0
2738,29,15,2023-08-29,ProductPage,Click,186.0
2739,64,13,2024-07-23,ProductPage,Click,266.0
2740,80,9,2023-05-15,Homepage,Click,140.0
2741,100,19,2023-01-11,Checkout,Purchase,185.0
2742,8,13,2023-02-20,Homepage,Click,292.0
2743,41,1,2023-01-09,Checkout,Purchase,201.0
2744,85,6,2023-06-12,ProductPage,View,54.0
2745,2,7,2024-02-26,Homepage,Click,203.0
2746,80,7,2023-02-27,Checkout,Purchase,144.0
2747,77,2,2025-09-07,ProductPage,View,197.0
2748,82,13,2025-10-09,ProductPage,View,175.0
2749,41,13,2025-08-01,Checkout,Drop-off,
2750,8,19,2024-04-23,Homepage,View,40.0
2751,42,11,2023-03-14,checkout,Drop-off,
2752,55,14,2025-07-16,ProductPage,View,287.0
2753,35,16,2025-06-04,ProductPage,View,138.0
2754,85,11,2025-09-23,Homepage,View,136.0
2755,26,7,2024-01-07,ProductPage,View,157.0
2756,86,5,2023-12-22,ProductPage,View,25.0
2757,4,9,2025-02-18,Homepage,View,28.0
2758,66,8,2025-10-22,Homepage,Click,207.0
2759,81,3,2024-08-23,Homepage,View,288.0
2760,48,12,2025-06-10,ProductPage,View,45.0
2761,61,14,2024-08-16,Homepage,Click,44.0
2762,39,1,2023-11-18,Homepage,View,108.0
2763,30,10,2024-02-21,Homepage,Click,222.0
2764,91,6,2023-05-08,ProductPage,Click,130.0
2765,26,16,2023-06-28,productpage,Click,32.0
2766,95,13,2024-05-25,Homepage,Click,255.0
2767,57,10,2024-05-24,ProductPage,Click,246.0
2768,37,19,2023-06-07,ProductPage,Click,271.0
2769,70,17,2023-10-21,ProductPage,Click,56.0
2770,27,8,2024-01-31,Checkout,Purchase,251.0
2771,28,15,2025-08-30,ProductPage,View,217.0
2772,98,1,2025-09-03,ProductPage,View,143.0
2773,23,4,2025-08-15,ProductPage,View,79.0
2774,96,15,2024-12-21,ProductPage,View,140.0
2775,86,8,2024-07-18,Homepage,View,194.0
2776,12,17,2024-06-19,Homepage,View,116.0
2777,35,20,2024-02-24,Checkout,Drop-off,
2778,77,12,2023-12-04,ProductPage,View,35.0
2779,11,14,2024-05-19,Homepage,View,39.0
2780,80,14,2024-10-25,Homepage,Click,158.0
2781,53,5,2025-10-28,Homepage,View,101.0
2782,32,13,2023-10-07,checkout,Drop-off,
2783,6,8,2023-01-31,ProductPage,View,16.0
2784,88,2,2024-06-05,ProductPage,View,56.0
2785,80,18,2024-08-29,Checkout,Drop-off,
2786,47,14,2024-09-05,ProductPage,View,54.0
2787,7,8,2025-07-21,Homepage,Click,91.0
2788,31,2,2025-07-13,Homepage,View,12.0
2789,62,14,2024-05-20,Homepage,View,114.0
2790,24,6,2024-08-04,Homepage,View,220.0
2791,36,20,2023-03-01,Checkout,Drop-off,
2792,42,2,2025-12-11,ProductPage,View,255.0
2793,90,5,2025-04-25,Homepage,View,154.0
2794,72,4,2025-03-22,productpage,View,282.0
2795,69,7,2023-08-10,Checkout,Drop-off,
2796,69,7,2025-05-25,Checkout,Drop-off,
2797,54,4,2024-04-23,Homepage,Click,213.0
2798,49,3,2023-07-05,Checkout,Purchase,147.0
2799,26,14,2024-09-18,Homepage,View,186.0
2800,58,8,2024-05-05,ProductPage,View,263.0
2801,18,15,2025-06-14,Checkout,Drop-off,
2802,3,3,2023-01-20,Homepage,View,131.0
2803,76,13,2024-04-24,ProductPage,View,136.0
2804,88,15,2024-12-05,ProductPage,View,160.0
2805,28,9,2025-11-28,Checkout,Drop-off,
2806,79,18,2024-06-28,ProductPage,View,188.0
2807,73,19,2023-05-10,ProductPage,View,215.0
2808,70,17,2023-10-05,Checkout,Drop-off,
2809,80,20,2024-09-11,Homepage,View,249.0
2810,46,2,2025-08-02,Homepage,Click,136.0
2811,70,16,2025-05-21,productpage,Click,110.0
2812,3,17,2025-06-28,Checkout,Purchase,71.0
2813,65,11,2024-01-11,ProductPage,View,186.0
2814,9,13,2023-03-09,ProductPage,View,78.0
2815,26,11,2024-02-28,ProductPage,View,108.0
2816,42,3,2024-08-18,Homepage,Click,195.0
2817,46,5,2024-03-31,Homepage,View,152.0
2818,32,4,2023-09-14,Homepage,Click,155.0
2819,40,5,2025-05-24,Homepage,Click,299.0
2820,45,5,2025-11-08,ProductPage,Click,69.0
2821,37,12,2023-06-19,Checkout,Purchase,134.0
2822,44,4,2025-04-03,Homepage,View,296.0
2823,41,19,2023-09-13,Checkout,Drop-off,
2824,42,18,2024-11-17,Homepage,View,230.0
2825,60,18,2024-12-29,ProductPage,View,273.0
2826,83,1,2023-07-24,Homepage,View,150.0
2827,58,7,2024-10-22,Homepage,Click,208.0
2828,33,3,2025-02-09,Checkout,Drop-off,
2829,79,2,2025-11-04,ProductPage,View,76.0
2830,40,17,2023-10-26,ProductPage,View,122.0
2831,23,14,2024-07-31,Checkout,Drop-off,
2832,40,1,2023-01-11,Homepage,View,103.0
2833,43,2,2025-02-01,ProductPage,View,225.0
2834,29,17,2025-07-24,Homepage,Click,68.0
2835,41,13,2025-07-05,Homepage,View,200.0
2836,3,14,2025-07-06,ProductPage,View,200.0
2837,75,3,2023-06-13,ProductPage,View,195.0
2838,29,6,2024-05-23,ProductPage,View,93.0
2839,21,18,2023-05-07,Homepage,View,270.0
2840,69,10,2025-05-24,Homepage,Click,219.0
2841,24,11,2025-07-25,Checkout,Purchase,130.0
2842,11,3,2025-10-28,ProductPage,View,156.0
2843,11,20,2023-07-28,ProductPage,View,101.0
2844,62,16,2025-10-09,productpage,View,243.0
2845,33,20,2025-11-13,Homepage,View,122.0
2846,8,14,2024-05-29,Homepage,View,109.0
2847,90,19,2025-08-15,ProductPage,View,127.0
2848,15,17,2025-04-27,ProductPage,View,128.0
2849,71,18,2024-05-11,ProductPage,View,198.0
2850,54,7,2024-07-18,ProductPage,View,166.0
2851,93,13,2024-03-31,ProductPage,View,118.0
2852,25,11,2024-08-23,Homepage,Click,160.0
2853,30,18,2025-12-03,ProductPage,Click,293.0
2854,20,15,2025-08-16,Checkout,Purchase,223.0
2855,47,9,2023-07-26,Homepage,Click,138.0
2856,40,1,2023-01-01,Homepage,Click,250.0
2857,42,14,2025-01-05,Homepage,View,15.0
2858,45,7,2023-10-12,Homepage,Click,153.0
2859,23,6,2024-06-17,Homepage,View,275.0
2860,83,16,2025-02-03,Homepage,Click,138.0
2861,38,14,2025-10-23,ProductPage,Click,58.0
2862,24,16,2024-09-20,Homepage,View,196.0
2863,28,10,2023-04-10,Homepage,Click,266.0
2864,63,2,2023-02-21,Homepage,Click,233.0
2865,73,12,2025-04-02,Homepage,View,38.0
2866,43,9,2024-08-24,ProductPage,View,148.0
2867,92,4,2023-12-15,Homepage,View,190.0
2868,70,10,2023-07-03,ProductPage,View,81.0
2869,47,17,2023-02-07,ProductPage,View,24.0
2870,42,4,2024-01-04,ProductPage,View,16.0
2871,15,19,2023-12-04,ProductPage,View,204.0
2872,71,1,2024-07-13,Homepage,View,263.0
2873,17,2,2025-08-13,ProductPage,View,192.0
2874,36,12,2025-07-03,Checkout,Drop-off,
2875,51,19,2023-01-30,Homepage,View,106.0
2876,59,4,2023-07-02,Checkout,Drop-off,
2877,99,12,2023-09-09,checkout,Drop-off,
2878,26,16,2025-07-23,ProductPage,View,260.0
2879,94,10,2024-06-10,Homepage,View,125.0
2880,80,16,2023-02-04,ProductPage,View,278.0
2881,32,5,2024-06-09,Homepage,View,117.0
2882,63,14,2023-03-15,Checkout,Drop-off,
2883,20,19,2024-10-03,Homepage,Click,105.0
2884,85,9,2023-04-26,ProductPage,Click,78.0
2885,52,9,2023-08-03,productpage,Click,273.0
2886,71,4,2025-03-13,Checkout,Purchase,165.0
2887,84,15,2024-10-29,ProductPage,View,176.0
2888,71,14,2024-03-10,Checkout,Drop-off,
2889,59,4,2023-03-17,Homepage,View,230.0
2890,28,10,2023-01-31,ProductPage,View,256.0
2891,99,19,2025-11-22,ProductPage,View,38.0
2892,35,1,2025-09-27,Checkout,Drop-off,
2893,100,9,2023-02-22,homepage,View,278.0
2894,28,17,2023-02-22,Checkout,Drop-off,
2895,78,5,2025-05-01,Homepage,View,72.0
2896,87,15,2023-05-04,Homepage,View,91.0
2897,75,13,2023-02-14,Homepage,View,242.0
2898,74,9,2023-12-09,Homepage,Click,212.0
2899,38,13,2023-05-03,ProductPage,Click,100.0
2900,28,10,2024-01-19,Homepage,Click,63.0
2901,53,8,2024-08-08,Checkout,Purchase,135.0
2902,86,1,2024-04-07,Homepage,View,45.0
2903,69,7,2023-11-27,ProductPage,View,149.0
2904,48,5,2023-03-10,Checkout,Drop-off,
2905,18,1,2023-03-12,Checkout,Drop-off,
2906,91,1,2023-01-05,Homepage,View,292.0
2907,59,11,2023-06-15,Homepage,View,255.0
2908,87,11,2024-09-30,Checkout,Drop-off,
2909,28,3,2025-09-21,Homepage,View,290.0
2910,91,3,2024-02-17,ProductPage,View,100.0
2911,43,15,2023-06-24,Homepage,View,77.0
2912,64,19,2024-03-08,Checkout,Drop-off,
2913,35,10,2023-08-22,Homepage,Click,89.0
2914,79,1,2025-03-28,Homepage,View,33.0
2915,75,15,2023-01-24,Checkout,Drop-off,
2916,42,6,2023-12-01,ProductPage,View,241.0
2917,93,2,2023-10-11,Checkout,Drop-off,
2918,44,4,2023-02-14,Homepage,View,289.0
2919,50,20,2023-10-16,homepage,Click,273.0
2920,83,17,2025-08-15,Homepage,View,281.0
2921,55,4,2023-12-28,ProductPage,View,37.0
2922,62,11,2025-06-26,ProductPage,View,130.0
2923,28,15,2023-09-11,ProductPage,View,186.0
2924,51,3,2025-08-02,Homepage,Click,185.0
2925,24,8,2023-11-12,productpage,Click,244.0
2926,57,18,2024-01-20,ProductPage,Click,124.0
2927,81,12,2024-12-28,Homepage,Click,289.0
2928,52,15,2024-07-21,Homepage,View,262.0
2929,30,8,2025-05-21,homepage,Click,14.0
2930,37,4,2023-12-06,ProductPage,Click,177.0
2931,22,7,2025-11-26,ProductPage,Click,209.0
2932,22,19,2024-10-04,Homepage,Click,181.0
2933,79,2,2025-06-21,Checkout,Purchase,131.0
2934,40,11,2024-07-31,productpage,View,145.0
2935,99,3,2023-04-05,Homepage,Click,82.0
2936,68,18,2025-06-23,ProductPage,Drop-off,
2937,89,4,2023-09-30,Homepage,Click,131.0
2938,24,18,2024-06-12,Checkout,Purchase,255.0
2939,6,9,2024-01-20,ProductPage,View,249.0
2940,77,1,2023-08-06,Homepage,Click,201.0
2941,69,5,2024-05-21,Homepage,Click,230.0
2942,74,7,2023-03-19,Checkout,Purchase,296.0
2943,72,16,2023-10-06,Homepage,View,264.0
2944,87,8,2025-02-10,Homepage,Click,79.0
2945,50,17,2024-12-29,ProductPage,Click,144.0
2946,43,7,2024-03-22,ProductPage,Click,228.0
2947,68,10,2023-11-02,Homepage,View,43.0
2948,47,7,2024-02-16,Homepage,Click,149.0
2949,55,11,2023-01-22,checkout,Purchase,194.0
2950,28,8,2023-09-16,Homepage,Click,278.0
2951,54,11,2024-05-07,ProductPage,Click,101.0
2952,77,19,2023-08-10,Homepage,View,110.0
2953,69,8,2023-11-14,Checkout,Drop-off,
2954,54,15,2023-04-17,Checkout,Drop-off,
2955,10,3,2023-05-11,Homepage,Click,267.0
2956,77,18,2025-11-11,Homepage,View,263.0
2957,83,2,2025-04-03,Homepage,View,214.0
2958,24,4,2024-09-12,Homepage,View,234.0
2959,98,9,2023-01-26,Checkout,Drop-off,
2960,50,17,2025-09-29,Checkout,Drop-off,
2961,2,1,2024-03-07,Checkout,Drop-off,
2962,9,20,2024-12-26,Checkout,Drop-off,
2963,35,8,2025-02-06,Homepage,Click,58.0
2964,50,8,2025-11-15,Homepage,View,116.0
2965,84,10,2024-05-27,Homepage,View,90.0
2966,84,11,2025-06-22,Checkout,Drop-off,
2967,81,2,2023-04-20,ProductPage,View,120.0
2968,51,9,2023-05-02,ProductPage,View,209.0
2969,17,9,2025-10-23,ProductPage,View,295.0
2970,90,11,2024-08-29,Homepage,Click,36.0
2971,10,19,2024-05-05,Homepage,View,138.0
2972,87,12,2025-04-16,ProductPage,View,68.0
2973,26,15,2024-10-25,ProductPage,View,239.0
2974,35,19,2024-05-11,ProductPage,View,211.0
2975,88,11,2023-03-14,Homepage,View,102.0
2976,52,13,2025-11-07,Homepage,View,41.0
2977,8,13,2024-06-09,Homepage,Click,284.0
2978,37,16,2024-07-31,Homepage,Click,279.0
2979,71,18,2024-11-02,ProductPage,Click,30.0
2980,76,5,2024-03-09,Homepage,Click,191.0
2981,10,14,2024-04-10,ProductPage,Click,284.0
2982,92,16,2023-02-06,checkout,Purchase,86.0
2983,82,20,2023-12-27,Homepage,Click,209.0
2984,8,19,2025-12-25,Checkout,Purchase,283.0
2985,51,14,2024-04-21,Homepage,View,69.0
2986,77,8,2024-10-27,ProductPage,View,284.0
2987,71,15,2024-06-23,Homepage,Click,182.0
2988,46,6,2023-05-17,Checkout,Purchase,43.0
2989,17,9,2025-06-14,Checkout,Drop-off,
2990,15,12,2024-08-21,Checkout,Drop-off,
2991,22,19,2025-01-19,Homepage,View,193.0
2992,63,8,2023-09-29,Homepage,View,136.0
2993,75,16,2023-01-22,ProductPage,View,186.0
2994,22,8,2024-12-03,Homepage,View,72.0
2995,9,7,2025-11-12,Homepage,View,83.0
2996,40,15,2025-04-12,Homepage,View,150.0
2997,56,18,2023-06-30,Homepage,View,54.0
2998,60,16,2023-06-28,Homepage,Click,68.0
2999,63,19,2023-12-04,checkout,Purchase,21.0
3000,2,12,2025-03-25,Homepage,View,68.0
3001,78,3,2025-07-17,Homepage,View,66.0
3002,3,8,2024-03-21,Homepage,View,288.0
3003,19,16,2023-01-01,ProductPage,View,293.0
3004,61,18,2025-11-19,Homepage,View,70.0
3005,30,16,2025-04-09,Homepage,View,150.0
3006,66,10,2023-07-02,Checkout,Drop-off,
3007,63,17,2023-04-06,ProductPage,View,236.0
3008,46,17,2025-07-24,Homepage,View,129.0
3009,58,11,2024-09-04,Homepage,View,73.0
3010,91,17,2023-01-22,ProductPage,View,228.0
3011,34,19,2024-12-21,Checkout,Drop-off,
3012,55,5,2023-12-12,Checkout,Drop-off,
3013,60,20,2025-04-09,Checkout,Drop-off,
3014,56,9,2023-05-16,productpage,View,246.0
3015,83,15,2025-02-28,Homepage,View,64.0
3016,43,2,2025-04-07,ProductPage,View,279.0
3017,88,20,2025-12-29,Checkout,Drop-off,
3018,78,13,2023-11-20,ProductPage,View,23.0
3019,92,6,2024-02-24,ProductPage,View,163.0
3020,5,15,2023-04-19,Homepage,View,164.0
3021,19,12,2025-04-24,ProductPage,View,266.0
3022,68,18,2025-01-31,Homepage,View,120.0
3023,62,2,2023-04-06,Homepage,Click,20.0
3024,67,14,2023-11-24,Homepage,Click,242.0
3025,92,5,2023-08-30,Homepage,View,244.0
3026,51,20,2025-11-11,ProductPage,View,243.0
3027,93,19,2023-02-28,Checkout,Drop-off,
3028,52,9,2023-03-25,ProductPage,View,192.0
3029,88,16,2025-10-21,Homepage,Click,139.0
3030,32,7,2025-07-12,Homepage,View,203.0
3031,10,19,2023-07-23,Homepage,View,190.0
3032,60,3,2024-09-10,Homepage,Click,247.0
3033,5,6,2024-06-07,ProductPage,Click,31.0
3034,78,5,2024-08-15,Homepage,Click,277.0
3035,7,7,2023-04-15,homepage,View,130.0
3036,32,20,2023-03-19,ProductPage,View,109.0
3037,8,14,2024-08-21,Checkout,Drop-off,
3038,11,18,2023-06-03,ProductPage,View,157.0
3039,15,13,2024-06-13,Homepage,Click,98.0
3040,97,12,2023-03-31,Checkout,Purchase,207.0
3041,48,13,2024-10-26,ProductPage,View,194.0
3042,33,15,2025-12-27,Homepage,Click,149.0
3043,55,3,2025-05-17,ProductPage,Click,247.0
3044,88,5,2023-03-07,Checkout,Purchase,219.0
3045,31,15,2023-06-28,homepage,View,72.0
3046,99,12,2024-01-16,ProductPage,View,262.0
3047,10,9,2024-11-11,Homepage,Click,227.0
3048,53,13,2023-09-25,ProductPage,Click,136.0
3049,49,15,2023-04-17,Checkout,Purchase,283.0
3050,84,14,2025-09-10,ProductPage,View,206.0
3051,94,10,2024-04-09,Homepage,Click,147.0
3052,25,10,2025-12-09,ProductPage,Click,252.0
3053,33,4,2023-10-05,Homepage,View,34.0
3054,74,14,2023-10-25,Homepage,View,159.0
3055,100,4,2023-12-29,ProductPage,View,157.0
3056,82,5,2025-07-31,Homepage,Click,162.0
3057,60,1,2024-12-14,Homepage,Click,278.0
3058,37,20,2025-03-06,ProductPage,Click,44.0
3059,45,9,2025-05-15,ProductPage,Click,275.0
3060,22,6,2023-06-21,Checkout,Purchase,105.0
3061,77,13,2023-08-19,Homepage,View,211.0
3062,20,16,2023-07-24,Checkout,Drop-off,
3063,58,6,2024-01-12,Homepage,View,56.0
3064,73,15,2024-10-05,Checkout,Drop-off,
3065,10,5,2025-09-17,Homepage,View,261.0
3066,63,15,2025-12-30,Homepage,View,144.0
3067,50,10,2025-03-15,Homepage,View,21.0
3068,13,12,2025-06-22,Homepage,View,143.0
3069,92,12,2025-07-26,Homepage,View,145.0
3070,84,12,2025-04-22,productpage,View,290.0
3071,16,4,2023-09-25,ProductPage,View,214.0
3072,73,13,2023-01-18,Checkout,Drop-off,
3073,50,5,2023-05-31,ProductPage,View,216.0
3074,82,4,2025-05-04,ProductPage,View,214.0
3075,12,8,2023-07-03,ProductPage,View,287.0
3076,52,14,2025-07-17,Homepage,Click,152.0
3077,1,1,2024-03-18,Homepage,View,66.0
3078,53,10,2023-10-03,Checkout,Drop-off,
3079,45,14,2023-01-26,Homepage,Click,29.0
3080,3,1,2023-01-08,homepage,View,66.0
3081,5,2,2023-03-20,Homepage,Click,237.0
3082,23,1,2025-10-23,Homepage,View,40.0
3083,44,19,2023-05-11,Checkout,Drop-off,
3084,67,12,2024-02-05,Homepage,View,69.0
3085,37,5,2024-10-22,ProductPage,View,80.0
3086,47,1,2024-04-14,Homepage,Click,167.0
3087,90,11,2023-05-02,Homepage,View,62.0
3088,24,20,2025-06-21,Homepage,Click,20.0
3089,62,14,2023-07-23,Homepage,View,263.0
3090,85,3,2023-12-19,Checkout,Drop-off,
3091,10,7,2023-11-27,Homepage,View,196.0
3092,98,10,2023-10-27,Homepage,View,203.0
3093,81,6,2024-12-04,Homepage,View,258.0
3094,69,12,2024-11-22,ProductPage,View,101.0
3095,40,8,2025-07-17,Checkout,Drop-off,
3096,24,10,2025-12-19,Checkout,Drop-off,
3097,38,18,2023-07-19,ProductPage,View,138.0
3098,29,19,2024-09-03,Homepage,View,240.0
3099,80,15,2024-12-07,ProductPage,View,167.0
3100,83,14,2025-04-02,Homepage,View,112.0
3101,21,2,2024-05-16,Homepage,View,236.0
3102,99,15,2024-06-20,Homepage,Click,222.0
3103,23,20,2025-07-21,ProductPage,Drop-off,
3104,2,20,2023-04-05,Homepage,View,21.0
3105,84,12,2023-09-10,homepage,View,209.0
3106,50,2,2025-07-24,Homepage,Click,258.0
3107,39,4,2025-05-29,ProductPage,Click,232.0
3108,4,16,2024-11-05,Homepage,View,132.0
3109,66,18,2025-08-22,ProductPage,View,208.0
3110,31,8,2024-10-01,Homepage,Click,286.0
3111,38,7,2024-08-10,homepage,View,177.0
3112,85,13,2023-04-26,ProductPage,View,237.0
3113,93,1,2025-04-01,ProductPage,View,36.0
3114,100,20,2024-10-10,ProductPage,View,149.0
3115,89,2,2025-04-04,ProductPage,View,11.0
3116,32,4,2023-05-21,Checkout,Drop-off,
3117,40,16,2023-01-04,Homepage,Click,183.0
3118,7,1,2025-11-11,Checkout,Purchase,73.0
3119,90,16,2023-12-13,Homepage,Click,43.0
3120,80,8,2023-11-09,Homepage,View,122.0
3121,42,3,2023-01-19,ProductPage,View,83.0
3122,93,19,2024-09-04,Checkout,Drop-off,
3123,77,4,2025-03-10,Homepage,View,104.0
3124,70,20,2023-02-23,Homepage,View,189.0
3125,64,19,2025-12-04,Checkout,Drop-off,
3126,3,5,2023-06-16,ProductPage,View,132.0
3127,94,20,2024-01-27,Homepage,Click,39.0
3128,90,20,2025-08-07,Homepage,Click,205.0
3129,14,15,2023-08-25,ProductPage,Click,192.0
3130,12,1,2023-02-05,ProductPage,Drop-off,
3131,65,20,2023-04-04,Checkout,Drop-off,
3132,34,2,2023-11-22,Homepage,Click,45.0
3133,71,11,2025-12-18,Homepage,Click,265.0
3134,20,4,2023-12-03,Homepage,Click,91.0
3135,50,15,2023-01-30,Checkout,Purchase,235.0
3136,39,15,2023-12-10,Homepage,View,228.0
3137,39,6,2023-02-14,Homepage,View,67.0
3138,59,6,2024-04-28,ProductPage,View,59.0
3139,71,13,2023-08-27,Checkout,Drop-off,
3140,11,20,2024-01-28,Homepage,View,157.0
3141,2,10,2024-12-27,ProductPage,View,218.0
3142,97,2,2023-02-13,Homepage,Click,234.0
3143,38,20,2025-03-23,ProductPage,Click,180.0
3144,79,11,2024-03-08,Checkout,Purchase,108.0
3145,53,13,2023-05-15,ProductPage,View,50.0
3146,83,20,2023-09-29,Homepage,Click,37.0
3147,14,7,2024-11-11,productpage,Click,125.0
3148,88,12,2025-07-21,Homepage,Click,63.0
3149,70,15,2025-06-21,Checkout,Purchase,258.0
3150,41,1,2025-10-23,Homepage,View,167.0
3151,79,3,2024-06-22,Homepage,Click,257.0
3152,86,12,2025-09-06,Homepage,Click,82.0
3153,43,4,2023-05-03,Homepage,View,176.0
3154,49,13,2024-12-25,ProductPage,View,121.0
3155,66,18,2025-03-12,Homepage,View,121.0
3156,88,8,2023-06-15,ProductPage,View,135.0
3157,74,10,2025-10-16,Checkout,Drop-off,
3158,23,10,2025-04-25,Checkout,Drop-off,
3159,84,4,2023-11-08,Homepage,View,34.0
3160,71,15,2024-04-27,Homepage,View,56.0
3161,78,11,2025-02-15,ProductPage,View,184.0
3162,92,17,2025-07-04,ProductPage,View,249.0
3163,11,14,2024-12-05,Checkout,Drop-off,
3164,95,15,2023-03-14,Homepage,View,247.0
3165,84,14,2025-09-27,Homepage,View,80.0
3166,45,9,2024-07-26,Homepage,Click,266.0
3167,62,8,2024-10-06,Homepage,Click,89.0
3168,84,5,2025-08-08,ProductPage,Click,32.0
3169,76,15,2025-04-06,Homepage,Click,237.0
3170,49,3,2023-01-06,Checkout,Purchase,227.0
3171,37,4,2025-04-23,Homepage,View,124.0
3172,48,3,2025-05-21,Checkout,Drop-off,
3173,58,5,2024-06-21,Checkout,Drop-off,
3174,1,15,2023-05-01,Homepage,View,239.0
3175,91,17,2023-01-30,Homepage,Click,198.0
3176,41,10,2023-10-03,Homepage,View,203.0
3177,100,19,2023-09-06,ProductPage,View,194.0
3178,53,15,2024-05-11,ProductPage,View,16.0
3179,100,12,2024-05-10,Checkout,Drop-off,
3180,78,5,2023-09-21,ProductPage,View,106.0
3181,97,10,2023-01-23,Homepage,Click,256.0
3182,48,5,2023-12-02,Homepage,Click,270.0
3183,14,5,2025-08-09,ProductPage,Click,176.0
3184,34,19,2025-08-15,Homepage,Click,260.0
3185,80,8,2023-10-09,ProductPage,Click,291.0
3186,63,4,2025-05-12,Homepage,Click,180.0
3187,48,17,2023-05-03,Homepage,Click,153.0
3188,100,15,2025-05-26,ProductPage,Click,23.0
3189,43,5,2024-05-02,Homepage,View,253.0
3190,46,5,2024-09-24,Checkout,Drop-off,
3191,22,16,2025-04-30,Homepage,Click,193.0
3192,57,19,2025-07-28,Homepage,Click,276.0
3193,92,16,2024-04-01,Checkout,Purchase,38.0
3194,93,20,2024-01-07,ProductPage,View,223.0
3195,86,19,2024-08-05,ProductPage,View,167.0
3196,28,19,2025-09-02,Homepage,View,124.0
3197,82,17,2023-03-09,ProductPage,View,233.0
3198,63,16,2023-07-30,Checkout,Drop-off,
3199,99,4,2024-12-09,Homepage,View,39.0
3200,69,11,2024-07-23,Homepage,View,123.0
3201,73,10,2024-07-23,Homepage,View,116.0
3202,5,6,2023-12-08,ProductPage,View,246.0
3203,24,9,2024-07-05,Homepage,View,68.0
3204,64,4,2025-06-30,Homepage,View,54.0
3205,98,7,2023-09-12,ProductPage,View,145.0
3206,95,17,2024-04-03,Homepage,View,198.0
3207,68,9,2025-04-30,ProductPage,View,60.0
3208,9,12,2024-11-18,Homepage,View,29.0
3209,27,17,2024-11-23,Checkout,Drop-off,
3210,61,7,2023-01-03,Homepage,View,193.0
3211,70,14,2025-05-11,Checkout,Drop-off,
3212,100,1,2025-02-28,ProductPage,View,277.0
3213,23,1,2025-04-13,Homepage,View,250.0
3214,89,1,2023-03-07,Checkout,Drop-off,
3215,74,14,2025-10-16,ProductPage,View,21.0
3216,41,17,2024-11-29,ProductPage,View,274.0
3217,92,2,2024-02-03,Homepage,View,223.0
3218,97,10,2024-12-10,Homepage,Click,171.0
3219,12,9,2024-08-15,Homepage,View,169.0
3220,73,12,2025-03-02,Homepage,Click,69.0
3221,96,4,2025-06-12,Homepage,Click,59.0
3222,24,13,2023-04-25,ProductPage,Click,116.0
3223,57,1,2023-01-20,ProductPage,Drop-off,
3224,65,13,2025-05-12,Homepage,View,188.0
3225,80,13,2023-08-06,productpage,View,138.0
3226,79,15,2023-04-27,Checkout,Drop-off,
3227,70,9,2023-11-10,productpage,View,144.0
3228,63,4,2023-09-15,Checkout,Drop-off,
3229,21,8,2024-11-26,Homepage,Click,197.0
3230,24,8,2025-03-27,Checkout,Purchase,26.0
3231,48,2,2024-11-09,Homepage,Click,202.0
3232,84,9,2023-10-28,Homepage,View,125.0
3233,69,20,2023-12-19,Homepage,View,277.0
3234,15,2,2023-06-21,ProductPage,View,13.0
3235,28,5,2023-11-21,Homepage,View,186.0
3236,59,4,2025-02-12,ProductPage,View,157.0
3237,92,12,2023-01-27,ProductPage,View,17.0
3238,89,18,2024-12-25,Checkout,Drop-off,
3239,91,4,2025-01-20,Homepage,Click,255.0
3240,25,15,2023-08-02,Checkout,Purchase,109.0
3241,69,20,2023-03-11,Homepage,View,296.0
3242,22,8,2023-03-22,ProductPage,View,26.0
3243,81,6,2024-10-16,ProductPage,View,88.0
3244,28,10,2025-04-12,ProductPage,View,240.0
3245,20,3,2024-07-25,Checkout,Drop-off,
3246,58,17,2025-03-11,Homepage,Click,79.0
3247,27,18,2023-12-14,Checkout,Purchase,222.0
3248,60,1,2024-05-01,Homepage,View,154.0
3249,85,10,2024-06-02,ProductPage,View,233.0
3250,6,20,2024-12-17,Homepage,View,75.0
3251,11,8,2025-11-27,ProductPage,View,52.0
3252,85,16,2024-04-18,Checkout,Drop-off,
3253,90,2,2023-03-30,Homepage,Click,11.0
3254,95,12,2024-07-06,Checkout,Purchase,144.0
3255,47,10,2023-02-06,Homepage,Click,17.0
3256,8,8,2024-05-08,Homepage,View,55.0
3257,22,14,2025-08-08,Checkout,Drop-off,
3258,90,12,2024-02-11,Homepage,View,10.0
3259,49,12,2024-09-17,ProductPage,View,249.0
3260,17,12,2023-08-27,ProductPage,View,198.0
3261,89,7,2024-02-19,Checkout,Drop-off,
3262,80,17,2023-03-02,Homepage,Click,295.0
3263,98,12,2024-04-20,ProductPage,Click,69.0
3264,74,4,2023-10-24,Checkout,Purchase,79.0
3265,11,5,2025-05-02,Homepage,View,160.0
3266,56,18,2025-09-01,productpage,View,105.0
3267,5,15,2024-09-15,ProductPage,View,35.0
3268,99,18,2023-03-17,Checkout,Drop-off,
3269,48,8,2025-03-18,Homepage,View,254.0
3270,4,2,2024-07-02,ProductPage,View,217.0
3271,61,19,2023-05-15,Homepage,Click,263.0
3272,32,19,2023-05-28,Checkout,Purchase,120.0
3273,21,14,2024-03-31,Homepage,View,259.0
3274,90,20,2023-07-08,ProductPage,View,106.0
3275,78,13,2023-11-21,Homepage,View,22.0
3276,42,1,2023-12-27,Homepage,View,133.0
3277,34,18,2024-06-17,Homepage,View,196.0
3278,97,14,2024-10-25,ProductPage,View,64.0
3279,14,15,2023-10-31,Homepage,Click,43.0
3280,94,17,2025-01-29,Checkout,Purchase,271.0
3281,64,9,2024-11-30,ProductPage,View,71.0
3282,43,16,2025-01-01,ProductPage,View,183.0
3283,68,18,2024-05-04,ProductPage,View,56.0
3284,36,19,2023-05-09,ProductPage,View,64.0
3285,25,3,2025-12-02,Homepage,View,244.0
3286,57,2,2023-11-06,ProductPage,View,174.0
3287,96,9,2024-01-14,Homepage,Click,277.0
3288,74,7,2024-07-07,ProductPage,Click,201.0
3289,50,9,2023-01-06,ProductPage,Click,203.0
3290,99,3,2024-06-14,Checkout,Purchase,78.0
3291,14,15,2023-11-21,Checkout,Drop-off,
3292,42,17,2023-04-18,Homepage,Click,141.0
3293,31,4,2024-06-20,ProductPage,Click,167.0
3294,34,10,2025-04-25,Checkout,Purchase,27.0
3295,59,4,2025-08-31,ProductPage,View,29.0
3296,82,14,2023-11-16,Checkout,Drop-off,
3297,96,11,2023-08-26,ProductPage,View,278.0
3298,79,5,2023-07-04,ProductPage,View,118.0
3299,85,2,2025-01-29,Homepage,View,169.0
3300,57,13,2023-06-17,Homepage,View,78.0
3301,41,9,2025-08-07,Homepage,View,151.0
3302,69,4,2023-11-30,Checkout,Drop-off,
3303,78,12,2023-03-21,Homepage,Click,113.0
3304,67,19,2025-11-26,Homepage,Click,24.0
3305,98,14,2025-05-20,ProductPage,Click,13.0
3306,99,19,2023-11-14,ProductPage,Click,109.0
3307,29,13,2024-07-17,Homepage,View,77.0
3308,25,3,2024-02-04,ProductPage,View,171.0
3309,85,2,2023-05-27,Homepage,View,31.0
3310,74,12,2023-08-31,Homepage,Click,60.0
3311,75,8,2024-06-19,Homepage,View,134.0
3312,1,2,2023-03-03,ProductPage,View,40.0
3313,46,14,2025-04-16,Homepage,View,174.0
3314,9,9,2024-01-28,Homepage,View,172.0
3315,21,4,2023-10-08,Homepage,Click,73.0
3316,17,1,2025-06-05,ProductPage,Click,20.0
3317,20,20,2023-12-20,Checkout,Drop-off,
3318,78,9,2024-07-13,Homepage,View,217.0
3319,48,15,2025-09-19,ProductPage,View,180.0
3320,31,5,2023-09-30,Checkout,Drop-off,
3321,17,19,2024-04-21,Homepage,View,89.0
3322,41,3,2025-04-28,Checkout,Drop-off,
3323,56,19,2023-04-04,Homepage,View,86.0
3324,3,6,2025-03-06,Homepage,View,212.0
3325,40,13,2025-06-21,ProductPage,View,80.0
3326,36,11,2025-04-23,ProductPage,View,282.0
3327,78,12,2023-03-30,ProductPage,View,283.0
3328,29,3,2024-12-20,ProductPage,View,84.0
3329,21,16,2023-03-04,Homepage,View,255.0
3330,16,5,2023-03-13,Checkout,Drop-off,
3331,7,4,2023-07-08,Homepage,View,30.0
3332,93,16,2023-02-01,ProductPage,View,158.0
3333,18,10,2024-08-02,ProductPage,View,227.0
3334,56,3,2025-08-11,Homepage,View,57.0
3335,75,12,2024-05-03,Homepage,Click,107.0
3336,85,9,2025-09-04,ProductPage,Click,251.0
3337,38,3,2025-11-04,ProductPage,Click,147.0
3338,87,12,2023-07-24,Checkout,Purchase,242.0
3339,36,5,2025-02-15,ProductPage,View,100.0
3340,32,7,2025-05-18,ProductPage,View,122.0
3341,84,1,2025-04-15,Checkout,Drop-off,
3342,23,16,2024-01-18,Homepage,Click,93.0
3343,95,14,2023-01-20,Homepage,View,189.0
3344,1,5,2023-07-20,Checkout,Drop-off,
3345,70,5,2025-05-25,Checkout,Drop-off,
3346,57,11,2023-08-17,Homepage,Click,140.0
3347,58,4,2025-12-29,Homepage,View,199.0
3348,80,19,2024-11-02,Homepage,View,290.0
3349,26,20,2024-05-31,Checkout,Drop-off,
3350,23,3,2024-01-29,Homepage,Click,18.0
3351,60,7,2023-04-14,Homepage,Click,104.0
3352,55,6,2025-02-19,Checkout,Purchase,257.0
3353,77,5,2024-07-18,Homepage,View,283.0
3354,100,13,2025-10-22,Homepage,View,101.0
3355,58,10,2023-12-22,ProductPage,View,258.0
3356,49,19,2023-07-09,ProductPage,View,273.0
3357,36,18,2025-05-29,ProductPage,View,126.0
3358,71,15,2025-09-11,ProductPage,View,282.0
3359,12,8,2024-01-23,Checkout,Drop-off,
3360,71,8,2024-03-05,Checkout,Drop-off,
3361,83,10,2025-12-09,ProductPage,View,271.0
3362,41,7,2024-01-31,Homepage,Click,88.0
3363,7,13,2024-06-24,Homepage,Click,156.0
3364,24,12,2023-11-07,Checkout,Purchase,210.0
3365,10,10,2023-02-11,Checkout,Drop-off,
3366,77,3,2025-03-11,Homepage,View,147.0
3367,100,12,2023-10-19,Homepage,View,131.0
3368,49,18,2024-09-17,ProductPage,View,70.0
3369,54,12,2024-01-06,ProductPage,View,31.0
3370,48,7,2023-03-23,Checkout,Drop-off,
3371,87,2,2024-03-13,Homepage,Click,70.0
3372,83,4,2024-09-18,Homepage,View,67.0
3373,79,17,2025-04-05,Checkout,Drop-off,
3374,86,13,2024-07-17,Checkout,Drop-off,
3375,54,10,2025-05-27,ProductPage,View,249.0
3376,57,11,2024-09-06,Checkout,Drop-off,
3377,95,16,2025-01-08,Homepage,Click,197.0
3378,91,20,2024-08-02,Homepage,Click,232.0
3379,56,15,2025-07-27,Homepage,View,26.0
3380,97,18,2025-01-01,ProductPage,View,68.0
3381,66,2,2024-12-23,Homepage,View,137.0
3382,28,8,2025-09-24,Homepage,View,197.0
3383,4,19,2023-06-14,Checkout,Drop-off,
3384,18,9,2025-01-01,ProductPage,View,299.0
3385,71,6,2024-05-06,Homepage,View,286.0
3386,19,16,2024-05-14,ProductPage,View,228.0
3387,6,11,2025-07-06,Checkout,Drop-off,
3388,1,1,2024-06-28,Homepage,Click,18.0
3389,66,12,2024-10-10,Homepage,View,14.0
3390,73,8,2025-09-29,ProductPage,View,295.0
3391,80,15,2024-11-22,Checkout,Drop-off,
3392,33,14,2025-06-07,Homepage,View,123.0
3393,16,3,2023-04-28,ProductPage,View,216.0
3394,70,8,2025-07-24,ProductPage,View,161.0
3395,44,17,2025-06-30,Homepage,Click,245.0
3396,81,9,2023-01-02,ProductPage,Click,93.0
3397,49,17,2024-05-23,Checkout,Purchase,67.0
3398,86,7,2024-05-26,Homepage,View,60.0
3399,70,3,2023-07-03,Checkout,Drop-off,
3400,18,9,2025-07-31,Checkout,Drop-off,
3401,10,16,2023-02-27,Homepage,Click,33.0
3402,5,20,2025-12-30,Homepage,View,248.0
3403,6,4,2023-07-25,ProductPage,View,46.0
3404,81,3,2024-09-29,Checkout,Drop-off,
3405,88,19,2023-12-06,Homepage,View,205.0
3406,86,6,2024-09-27,ProductPage,View,296.0
3407,96,1,2023-07-11,ProductPage,View,116.0
3408,67,12,2025-06-10,Homepage,Click,279.0
3409,23,13,2025-07-15,Homepage,Click,65.0
3410,20,5,2023-02-04,ProductPage,Click,198.0
3411,36,4,2023-06-20,ProductPage,Click,109.0
3412,72,2,2023-05-24,Homepage,Click,226.0
3413,51,5,2024-08-27,Homepage,View,296.0
3414,58,15,2024-08-03,ProductPage,View,71.0
3415,57,1,2025-03-26,Homepage,Click,214.0
3416,48,6,2024-08-24,Homepage,Click,215.0
3417,34,20,2023-04-03,ProductPage,Click,59.0
3418,79,8,2024-04-16,ProductPage,Click,111.0
3419,25,3,2023-01-01,Homepage,Click,260.0
3420,25,4,2024-10-21,Homepage,View,102.0
3421,76,11,2023-05-12,Checkout,Drop-off,
3422,43,5,2025-07-01,ProductPage,View,232.0
3423,48,2,2023-09-28,Homepage,View,149.0
3424,48,14,2025-05-03,Homepage,View,123.0
3425,41,13,2024-07-18,ProductPage,View,37.0
3426,32,1,2023-05-20,Homepage,Click,35.0
3427,24,18,2023-07-29,ProductPage,Click,283.0
3428,30,16,2024-11-07,Homepage,View,63.0
3429,76,7,2025-12-21,Checkout,Drop-off,
3430,24,19,2025-04-13,Checkout,Drop-off,
3431,39,16,2023-12-24,Homepage,Click,217.0
3432,16,17,2023-02-03,Homepage,Click,122.0
3433,41,8,2023-10-02,Homepage,Click,212.0
3434,96,14,2025-02-19,Checkout,Purchase,104.0
3435,84,12,2025-06-04,Checkout,Drop-off,
3436,24,4,2024-03-12,Checkout,Drop-off,
3437,43,9,2024-07-16,Homepage,View,210.0
3438,47,19,2024-06-28,ProductPage,View,105.0
3439,30,11,2023-04-18,Checkout,Drop-off,
3440,73,7,2023-01-22,Homepage,View,34.0
3441,18,4,2024-12-17,productpage,View,108.0
3442,47,11,2025-11-30,ProductPage,View,244.0
3443,62,5,2025-11-08,Homepage,Click,46.0
3444,8,18,2025-08-24,Homepage,Click,77.0
3445,88,18,2025-12-22,Homepage,View,38.0
3446,77,7,2024-09-11,Checkout,Drop-off,
3447,96,1,2024-09-22,Homepage,Click,96.0
3448,58,2,2023-06-06,Checkout,Purchase,247.0
3449,77,9,2023-11-18,Checkout,Drop-off,
3450,85,17,2025-12-08,Checkout,Drop-off,
3451,56,1,2024-05-03,ProductPage,View,65.0
3452,34,8,2023-07-23,Homepage,View,208.0
3453,60,6,2023-02-25,ProductPage,View,10.0
3454,83,13,2023-08-08,Checkout,Drop-off,
3455,88,15,2023-05-14,Homepage,Click,288.0
3456,56,12,2023-03-02,Homepage,Click,289.0
3457,30,10,2023-07-03,Homepage,Click,87.0
3458,51,12,2023-12-23,Homepage,View,141.0
3459,37,9,2023-03-25,Checkout,Drop-off,
3460,57,9,2023-11-06,Homepage,Click,76.0
3461,40,17,2025-01-19,Checkout,Purchase,286.0
3462,24,20,2025-03-15,Homepage,Click,39.0
3463,56,11,2024-05-26,Homepage,View,99.0
3464,100,15,2024-03-18,ProductPage,View,43.0
3465,86,15,2023-05-16,ProductPage,View,189.0
3466,69,10,2025-04-23,Homepage,Click,295.0
3467,11,1,2024-02-07,ProductPage,Click,30.0
3468,27,11,2025-06-27,Homepage,Click,298.0
3469,94,17,2024-08-22,Homepage,View,57.0
3470,55,7,2025-03-25,ProductPage,View,181.0
3471,43,4,2024-05-25,Homepage,View,24.0
3472,52,2,2024-07-09,ProductPage,View,145.0
3473,63,15,2023-12-05,ProductPage,View,131.0
3474,43,9,2023-08-19,ProductPage,View,208.0
3475,99,7,2023-06-26,Homepage,View,144.0
3476,27,14,2024-10-10,Homepage,View,260.0
3477,100,6,2024-01-12,Homepage,Click,216.0
3478,93,10,2023-01-07,Homepage,Click,168.0
3479,95,17,2023-09-13,ProductPage,Click,283.0
3480,40,6,2023-03-06,Checkout,Purchase,181.0
3481,49,1,2025-06-17,Homepage,Click,42.0
3482,66,3,2023-09-15,ProductPage,Drop-off,
3483,78,11,2024-06-23,ProductPage,View,127.0
3484,95,7,2023-04-26,Checkout,Drop-off,
3485,66,1,2024-02-14,ProductPage,View,113.0
3486,67,2,2025-01-07,productpage,View,108.0
3487,35,16,2023-04-28,Checkout,Drop-off,
3488,31,2,2023-09-29,Homepage,Click,135.0
3489,71,11,2023-10-08,Homepage,View,26.0
3490,80,6,2025-10-04,Checkout,Drop-off,
3491,90,10,2024-11-21,Checkout,Drop-off,
3492,41,7,2023-02-22,Checkout,Drop-off,
3493,27,15,2025-09-19,Checkout,Drop-off,
3494,44,14,2025-07-10,Homepage,Click,214.0
3495,69,11,2024-02-21,Homepage,Click,67.0
3496,65,15,2023-04-14,ProductPage,Click,186.0
3497,91,18,2025-03-12,ProductPage,Click,128.0
3498,58,11,2024-09-27,Homepage,Click,219.0
3499,14,16,2023-06-24,ProductPage,Click,141.0
3500,26,5,2023-02-13,Homepage,View,280.0
3501,87,6,2025-08-16,ProductPage,View,95.0
3502,28,7,2023-10-14,ProductPage,View,70.0
3503,88,12,2023-03-06,Checkout,Drop-off,
3504,70,19,2024-08-23,Homepage,View,115.0
3505,25,3,2025-01-21,Homepage,Click,160.0
3506,35,1,2023-06-16,ProductPage,Click,209.0
3507,100,12,2025-01-22,ProductPage,Click,45.0
3508,93,20,2025-03-15,ProductPage,Click,23.0
3509,84,11,2025-04-15,Checkout,Purchase,71.0
3510,87,19,2023-04-27,Homepage,Click,134.0
3511,71,13,2024-03-16,Homepage,Click,99.0
3512,18,1,2025-01-23,Homepage,Click,119.0
3513,24,1,2025-03-12,ProductPage,Click,264.0
3514,85,9,2024-03-04,ProductPage,Click,282.0
3515,5,8,2023-02-22,Homepage,View,280.0
3516,86,11,2025-11-12,ProductPage,View,225.0
3517,34,7,2024-01-14,Checkout,Drop-off,
3518,96,18,2025-04-30,ProductPage,View,125.0
3519,98,17,2024-04-18,Homepage,View,47.0
3520,53,3,2025-01-10,ProductPage,View,156.0
3521,97,13,2025-02-10,ProductPage,View,95.0
3522,72,20,2025-06-14,Homepage,Click,138.0
3523,58,19,2025-05-04,Homepage,View,249.0
3524,100,2,2024-05-06,homepage,Click,82.0
3525,87,12,2025-09-15,Checkout,Purchase,90.0
3526,52,1,2025-12-10,Homepage,View,201.0
3527,14,17,2023-07-07,Checkout,Drop-off,
3528,60,13,2023-02-21,Homepage,View,290.0
3529,6,16,2025-10-18,ProductPage,View,141.0
3530,89,12,2023-08-22,Homepage,View,179.0
3531,70,5,2025-08-04,Checkout,Drop-off,
3532,25,12,2025-05-29,ProductPage,View,81.0
3533,63,17,2024-03-12,Homepage,Click,279.0
3534,45,7,2025-11-28,Checkout,Purchase,136.0
3535,75,16,2023-11-24,Homepage,Click,150.0
3536,16,6,2025-01-18,Checkout,Purchase,260.0
3537,37,14,2024-09-02,Homepage,Click,224.0
3538,40,18,2024-08-18,Checkout,Purchase,217.0
3539,52,2,2025-10-25,ProductPage,View,273.0
3540,37,7,2024-09-13,Homepage,View,210.0
3541,83,1,2024-06-28,Homepage,Click,267.0
3542,47,14,2024-06-15,ProductPage,Click,239.0
3543,75,6,2024-05-30,Checkout,Drop-off,
3544,93,15,2025-06-20,Homepage,Click,18.0
3545,78,6,2024-07-10,ProductPage,Click,29.0
3546,69,11,2024-10-11,ProductPage,Click,197.0
3547,97,17,2025-08-20,ProductPage,Click,255.0
3548,3,6,2024-09-29,Checkout,Purchase,295.0
3549,22,6,2023-09-22,productpage,View,172.0
3550,40,20,2023-06-11,homepage,Click,255.0
3551,58,13,2024-03-31,Homepage,View,84.0
3552,22,19,2025-04-04,Checkout,Drop-off,
3553,34,20,2025-01-15,Checkout,Drop-off,
3554,94,1,2023-01-17,Checkout,Drop-off,
3555,92,20,2025-11-26,Homepage,Click,263.0
3556,7,9,2025-09-06,Checkout,Purchase,23.0
3557,36,15,2025-01-13,Checkout,Drop-off,
3558,74,16,2024-08-30,ProductPage,View,298.0
3559,84,5,2025-02-01,ProductPage,View,21.0
3560,77,13,2025-11-19,ProductPage,View,278.0
3561,96,1,2025-02-05,Homepage,View,206.0
3562,43,14,2025-08-20,Homepage,View,43.0
3563,65,16,2024-10-01,ProductPage,View,265.0
3564,78,19,2024-03-26,Checkout,Drop-off,
3565,67,14,2023-08-15,Homepage,Click,129.0
3566,50,3,2024-03-14,ProductPage,Click,82.0
3567,20,9,2024-06-29,ProductPage,Click,204.0
3568,84,7,2024-06-14,Homepage,View,288.0
3569,52,19,2024-10-02,ProductPage,View,286.0
3570,26,12,2024-04-21,Homepage,View,48.0
3571,11,13,2024-11-02,Homepage,View,248.0
3572,6,12,2024-08-11,Homepage,Click,288.0
3573,94,9,2024-05-09,ProductPage,Click,88.0
3574,9,1,2023-07-05,ProductPage,Click,245.0
3575,68,20,2023-08-29,Checkout,Purchase,277.0
3576,97,3,2024-10-30,ProductPage,View,178.0
3577,65,18,2023-04-19,Checkout,Drop-off,
3578,86,18,2024-02-15,Homepage,View,208.0
3579,26,15,2025-10-24,Checkout,Drop-off,
3580,30,16,2023-06-18,Checkout,Drop-off,
3581,87,11,2024-11-12,Checkout,Drop-off,
3582,63,14,2024-10-31,Checkout,Drop-off,
3583,59,2,2025-05-14,Checkout,Drop-off,
3584,44,2,2023-12-27,ProductPage,View,261.0
3585,47,8,2023-02-03,Homepage,Click,84.0
3586,17,9,2024-09-28,Homepage,View,210.0
3587,47,13,2023-08-26,ProductPage,View,133.0
3588,10,6,2025-06-17,ProductPage,View,199.0
3589,77,8,2025-02-23,ProductPage,View,172.0
3590,65,17,2024-06-19,ProductPage,View,110.0
3591,30,4,2025-10-13,Homepage,Click,20.0
3592,52,19,2025-12-11,Checkout,Purchase,242.0
3593,11,2,2025-07-09,Homepage,View,73.0
3594,79,4,2024-08-26,ProductPage,View,21.0
3595,52,8,2024-07-03,Checkout,Drop-off,
3596,8,1,2024-03-05,Homepage,View,195.0
3597,14,5,2025-11-10,Homepage,View,83.0
3598,56,19,2024-12-24,ProductPage,View,11.0
3599,52,5,2024-08-12,Homepage,Click,243.0
3600,97,19,2023-11-10,Checkout,Purchase,151.0
3601,78,9,2023-11-14,Checkout,Drop-off,
3602,81,10,2024-01-05,Checkout,Drop-off,
3603,35,20,2023-03-21,ProductPage,View,266.0
3604,4,2,2025-06-25,Homepage,View,127.0
3605,64,6,2024-09-04,Homepage,Click,85.0
3606,89,11,2023-06-14,Homepage,View,293.0
3607,83,20,2023-11-20,Homepage,View,213.0
3608,50,3,2025-08-09,checkout,Drop-off,
3609,14,5,2023-03-05,Checkout,Drop-off,
3610,37,2,2023-07-18,ProductPage,View,94.0
3611,33,11,2023-06-20,ProductPage,View,42.0
3612,89,15,2025-05-06,Homepage,View,257.0
3613,66,18,2025-12-06,Homepage,Click,41.0
3614,50,3,2025-11-07,Homepage,View,164.0
3615,69,2,2025-11-20,ProductPage,View,166.0
3616,17,16,2023-12-12,Homepage,View,102.0
3617,10,10,2023-02-05,Homepage,View,237.0
3618,67,14,2023-01-03,ProductPage,View,246.0
3619,95,16,2024-03-25,ProductPage,View,193.0
3620,92,18,2025-08-17,Homepage,View,235.0
3621,92,6,2025-12-24,ProductPage,View,163.0
3622,85,17,2023-10-22,ProductPage,View,21.0
3623,29,6,2024-09-21,ProductPage,View,89.0
3624,63,20,2024-12-15,ProductPage,View,77.0
3625,66,11,2024-06-29,Checkout,Drop-off,
3626,22,14,2024-05-21,ProductPage,View,10.0
3627,32,5,2025-11-14,Homepage,Click,36.0
3628,37,19,2023-07-04,Homepage,View,117.0
3629,86,10,2024-03-01,Checkout,Drop-off,
3630,80,20,2024-12-27,ProductPage,View,71.0
3631,58,6,2025-02-12,ProductPage,View,24.0
3632,50,12,2024-10-17,ProductPage,View,219.0
3633,25,6,2023-09-25,Checkout,Drop-off,
3634,31,6,2023-09-06,ProductPage,View,231.0
3635,48,20,2024-06-22,Homepage,Click,230.0
3636,49,18,2025-05-10,Homepage,View,188.0
3637,41,18,2024-07-11,ProductPage,View,97.0
3638,93,16,2024-10-12,Homepage,View,93.0
3639,65,7,2025-08-06,ProductPage,View,264.0
3640,67,15,2024-06-03,ProductPage,View,20.0
3641,96,1,2025-04-02,Homepage,Click,84.0
3642,100,4,2025-05-25,ProductPage,Click,160.0
3643,32,1,2025-10-12,ProductPage,Click,205.0
3644,46,12,2025-09-23,ProductPage,Click,144.0
3645,57,18,2023-09-26,Homepage,Click,206.0
3646,66,18,2024-08-14,ProductPage,Click,247.0
3647,73,13,2025-03-31,ProductPage,Click,112.0
3648,70,15,2025-09-18,Homepage,View,63.0
3649,7,18,2025-11-29,ProductPage,View,276.0
3650,42,9,2025-07-13,Checkout,Drop-off,
3651,73,4,2024-08-03,Homepage,View,249.0
3652,86,17,2024-04-10,Checkout,Drop-off,
3653,33,18,2024-12-15,Checkout,Drop-off,
3654,41,8,2025-04-10,Homepage,View,55.0
3655,63,13,2025-08-07,Checkout,Drop-off,
3656,78,3,2025-02-15,Checkout,Drop-off,
3657,74,4,2023-12-08,Checkout,Drop-off,
3658,49,5,2024-08-24,ProductPage,View,251.0
3659,43,17,2025-02-23,Homepage,Click,271.0
3660,19,11,2025-08-03,ProductPage,Click,286.0
3661,63,15,2025-02-27,ProductPage,Click,25.0
3662,65,8,2023-04-12,Checkout,Purchase,81.0
3663,46,10,2024-12-05,Homepage,Click,103.0
3664,73,5,2025-01-02,ProductPage,Click,68.0
3665,8,7,2024-06-18,ProductPage,Click,38.0
3666,1,17,2024-03-07,Homepage,Click,233.0
3667,42,2,2024-04-16,Homepage,View,289.0
3668,75,19,2024-02-14,Homepage,View,18.0
3669,31,13,2023-07-20,Homepage,View,187.0
3670,78,19,2024-10-14,homepage,View,269.0
3671,50,14,2024-02-14,Homepage,View,216.0
3672,62,15,2025-12-04,Homepage,View,231.0
3673,12,14,2023-10-21,Checkout,Drop-off,
3674,57,16,2023-05-03,Homepage,View,234.0
3675,62,9,2025-03-16,productpage,View,51.0
3676,39,2,2025-10-20,ProductPage,View,169.0
3677,83,14,2025-03-23,Homepage,Click,111.0
3678,67,3,2023-05-01,productpage,Click,96.0
3679,14,1,2023-12-17,ProductPage,Click,175.0
3680,94,16,2025-10-22,Homepage,View,86.0
3681,85,2,2024-11-24,Homepage,View,87.0
3682,42,13,2023-06-07,Homepage,Click,169.0
3683,98,6,2024-09-01,Homepage,Click,295.0
3684,2,9,2024-08-31,Homepage,Click,217.0
3685,74,20,2025-12-26,Checkout,Purchase,71.0
3686,69,1,2025-11-01,ProductPage,View,90.0
3687,43,16,2023-01-06,ProductPage,View,23.0
3688,39,2,2024-02-02,ProductPage,View,210.0
3689,36,16,2024-10-27,Homepage,Click,210.0
3690,44,5,2025-11-12,Checkout,Purchase,125.0
3691,58,3,2023-07-05,ProductPage,View,118.0
3692,46,9,2025-02-11,ProductPage,View,268.0
3693,28,3,2023-04-14,ProductPage,View,166.0
3694,3,6,2024-03-18,Homepage,View,264.0
3695,54,14,2025-01-03,Homepage,View,160.0
3696,1,2,2024-02-10,ProductPage,View,231.0
3697,37,2,2023-10-12,ProductPage,View,143.0
3698,94,11,2023-03-29,Homepage,View,76.0
3699,81,14,2023-06-18,Homepage,View,156.0
3700,68,18,2023-09-16,Homepage,Click,161.0
3701,70,3,2023-02-22,ProductPage,Click,205.0
3702,55,19,2025-11-18,Homepage,Click,70.0
3703,85,15,2023-09-19,ProductPage,Click,72.0
3704,56,16,2025-05-17,ProductPage,Click,234.0
3705,57,19,2023-09-04,Homepage,Click,49.0
3706,55,17,2024-12-17,homepage,Click,165.0
3707,65,10,2023-03-14,productpage,Click,242.0
3708,22,5,2024-02-16,Homepage,Click,267.0
3709,47,14,2023-12-24,ProductPage,Click,244.0
3710,18,4,2024-05-28,productpage,Click,16.0
3711,82,2,2025-09-12,Homepage,View,175.0
3712,5,20,2024-05-22,Checkout,Drop-off,
3713,51,9,2024-03-10,ProductPage,View,254.0
3714,39,4,2025-01-18,ProductPage,View,125.0
3715,77,2,2024-11-06,ProductPage,View,10.0
3716,86,6,2023-04-20,ProductPage,View,129.0
3717,22,1,2023-03-05,ProductPage,View,273.0
3718,26,7,2024-11-09,Homepage,Click,136.0
3719,35,6,2024-03-06,ProductPage,Click,270.0
3720,57,15,2025-12-20,Homepage,Click,228.0
3721,32,5,2024-08-23,ProductPage,Click,185.0
3722,74,15,2025-02-22,Checkout,Purchase,132.0
3723,40,19,2023-09-21,ProductPage,View,99.0
3724,70,18,2024-05-19,Homepage,View,70.0
3725,59,11,2024-11-01,ProductPage,View,100.0
3726,8,5,2024-05-05,Homepage,View,106.0
3727,81,10,2024-09-07,ProductPage,View,62.0
3728,20,2,2025-06-07,Checkout,Drop-off,
3729,66,11,2025-10-16,ProductPage,View,133.0
3730,18,12,2024-09-24,Homepage,Click,32.0
3731,28,8,2025-03-16,Homepage,Click,128.0
3732,60,17,2024-04-21,Checkout,Purchase,169.0
3733,47,1,2023-04-03,Homepage,View,223.0
3734,99,15,2025-08-31,ProductPage,View,253.0
3735,24,12,2024-11-03,Homepage,Click,78.0
3736,19,12,2023-04-02,Homepage,View,79.0
3737,86,8,2025-09-06,ProductPage,View,35.0
3738,82,17,2024-08-22,homepage,View,71.0
3739,42,15,2025-03-20,Homepage,Click,71.0
3740,68,19,2023-01-18,Checkout,Purchase,295.0
3741,48,2,2023-08-12,Homepage,View,238.0
3742,81,20,2024-06-26,ProductPage,View,197.0
3743,60,19,2023-04-22,ProductPage,View,56.0
3744,25,5,2023-02-10,ProductPage,View,120.0
3745,17,3,2023-11-28,Homepage,Click,101.0
3746,57,13,2023-08-02,Homepage,View,249.0
3747,4,3,2023-03-14,ProductPage,View,82.0
3748,9,20,2023-02-15,Homepage,Click,39.0
3749,69,16,2024-06-06,Homepage,View,163.0
3750,34,9,2024-10-30,Homepage,View,87.0
3751,27,17,2024-10-30,ProductPage,View,195.0
3752,8,6,2024-10-30,ProductPage,View,141.0
3753,72,4,2024-06-05,ProductPage,View,30.0
3754,24,17,2025-08-16,ProductPage,View,31.0
3755,94,8,2024-07-02,ProductPage,View,254.0
3756,88,20,2025-09-21,ProductPage,View,75.0
3757,83,8,2023-07-03,Checkout,Drop-off,
3758,87,8,2023-03-28,ProductPage,View,250.0
3759,15,1,2023-03-04,Homepage,View,51.0
3760,76,8,2025-01-11,ProductPage,View,164.0
3761,36,5,2025-11-13,ProductPage,View,274.0
3762,72,5,2025-10-16,Checkout,Drop-off,
3763,24,8,2023-11-09,ProductPage,View,215.0
3764,40,12,2024-07-05,ProductPage,View,235.0
3765,23,13,2025-08-15,Homepage,View,65.0
3766,49,18,2023-01-25,Homepage,Click,160.0
3767,82,15,2023-03-30,ProductPage,Click,39.0
3768,25,1,2024-10-15,Homepage,View,229.0
3769,15,10,2025-03-17,ProductPage,View,174.0
3770,47,7,2023-11-21,ProductPage,View,92.0
3771,67,14,2024-10-27,productpage,View,129.0
3772,76,14,2024-03-24,Homepage,Click,226.0
3773,17,16,2024-08-23,Homepage,Click,74.0
3774,10,3,2024-02-23,ProductPage,Click,58.0
3775,43,12,2024-08-10,Homepage,Click,228.0
3776,28,1,2023-10-22,ProductPage,Drop-off,
3777,58,3,2024-09-20,Homepage,Click,137.0
3778,17,10,2023-05-18,ProductPage,Click,132.0
3779,70,3,2023-11-11,ProductPage,Click,108.0
3780,68,2,2024-01-12,Checkout,Purchase,157.0
3781,54,8,2025-04-14,Homepage,View,250.0
3782,67,12,2025-02-24,Homepage,Click,91.0
3783,30,18,2025-02-05,Homepage,Click,71.0
3784,31,4,2023-02-05,Homepage,View,227.0
3785,43,4,2024-11-28,Checkout,Drop-off,
3786,55,2,2023-02-24,Homepage,Click,282.0
3787,19,9,2023-01-31,ProductPage,Click,183.0
3788,44,1,2023-02-24,Checkout,Purchase,112.0
3789,89,5,2025-03-11,Homepage,View,264.0
3790,68,14,2025-10-18,ProductPage,View,15.0
3791,26,17,2025-06-02,ProductPage,View,232.0
3792,68,9,2024-06-16,Homepage,View,28.0
3793,43,14,2024-03-13,Checkout,Drop-off,
3794,86,17,2023-02-14,Homepage,View,254.0
3795,25,12,2024-05-08,ProductPage,View,117.0
3796,85,2,2025-10-25,ProductPage,View,200.0
3797,60,18,2025-12-07,Homepage,View,216.0
3798,47,11,2025-08-28,Checkout,Drop-off,
3799,95,6,2023-12-06,Homepage,View,79.0
3800,62,17,2023-08-04,ProductPage,View,46.0
3801,22,15,2023-02-13,ProductPage,View,120.0
3802,53,2,2025-09-11,Homepage,View,82.0
3803,1,11,2025-08-10,ProductPage,View,283.0
3804,88,12,2023-04-24,ProductPage,View,260.0
3805,95,14,2024-12-01,Checkout,Drop-off,
3806,15,19,2025-01-08,Homepage,View,187.0
3807,53,4,2023-01-08,Homepage,View,26.0
3808,63,14,2024-02-03,Homepage,Click,195.0
3809,72,19,2023-11-21,ProductPage,Drop-off,
3810,9,8,2024-12-06,Checkout,Drop-off,
3811,63,7,2024-05-31,Checkout,Drop-off,
3812,63,4,2023-05-27,Homepage,View,158.0
3813,84,1,2025-02-10,Homepage,View,289.0
3814,27,19,2025-06-13,ProductPage,View,80.0
3815,42,19,2024-10-29,checkout,Drop-off,
3816,98,5,2024-12-13,ProductPage,View,245.0
3817,36,7,2024-03-27,Checkout,Drop-off,
3818,87,17,2025-12-03,Checkout,Drop-off,
3819,87,8,2025-03-03,Homepage,Click,62.0
3820,98,10,2024-07-27,Homepage,Click,258.0
3821,25,16,2023-04-26,ProductPage,Click,200.0
3822,39,20,2024-07-20,Checkout,Purchase,74.0
3823,41,16,2024-03-01,Checkout,Drop-off,
3824,87,9,2023-06-29,ProductPage,View,108.0
3825,94,7,2024-05-10,productpage,View,169.0
3826,92,18,2024-06-30,Homepage,Click,167.0
3827,10,3,2024-11-24,Homepage,View,90.0
3828,91,15,2025-07-16,Homepage,View,194.0
3829,8,5,2024-11-02,Checkout,Drop-off,
3830,29,6,2023-10-26,ProductPage,View,131.0
3831,63,11,2023-11-02,Homepage,Click,218.0
3832,87,9,2025-11-11,Checkout,Purchase,66.0
3833,29,14,2023-03-07,Checkout,Drop-off,
3834,57,11,2025-04-30,Homepage,View,191.0
3835,96,16,2024-02-04,Homepage,Click,41.0
3836,83,17,2024-02-18,Homepage,View,241.0
3837,94,5,2023-03-28,Homepage,View,218.0
3838,89,2,2023-01-28,ProductPage,View,104.0
3839,16,2,2024-10-12,Homepage,View,64.0
3840,88,14,2023-11-13,Homepage,Click,268.0
3841,36,8,2023-06-13,productpage,Click,101.0
3842,19,7,2023-06-29,ProductPage,Click,257.0
3843,21,9,2025-03-20,ProductPage,Click,148.0
3844,97,20,2025-03-18,ProductPage,Click,12.0
3845,77,16,2025-06-12,ProductPage,Click,86.0
3846,66,6,2024-04-28,Homepage,View,156.0
3847,24,17,2025-02-02,Checkout,Drop-off,
3848,53,4,2023-09-18,Homepage,View,181.0
3849,20,2,2025-05-17,Homepage,Click,248.0
3850,91,10,2024-10-15,ProductPage,Click,142.0
3851,19,19,2025-09-06,Checkout,Purchase,67.0
3852,99,5,2025-09-07,ProductPage,View,205.0
3853,100,13,2025-07-18,Homepage,View,244.0
3854,68,7,2025-08-16,ProductPage,View,205.0
3855,100,8,2023-08-13,Homepage,Click,69.0
3856,52,7,2024-07-27,ProductPage,Click,191.0
3857,28,2,2023-04-19,ProductPage,Drop-off,
3858,7,14,2023-05-12,Homepage,View,125.0
3859,83,20,2025-06-08,Checkout,Drop-off,
3860,42,9,2025-09-21,checkout,Drop-off,
3861,95,20,2023-04-17,Homepage,View,23.0
3862,43,9,2023-04-04,Homepage,View,123.0
3863,91,8,2024-10-26,Homepage,Click,175.0
3864,65,5,2024-01-06,Checkout,Purchase,249.0
3865,30,14,2024-09-22,Homepage,Click,84.0
3866,93,8,2025-11-16,ProductPage,Click,277.0
3867,44,16,2024-02-22,Homepage,Click,10.0
3868,83,3,2023-09-07,Homepage,View,88.0
3869,21,20,2024-01-07,ProductPage,View,138.0
3870,58,17,2023-12-12,Homepage,Click,187.0
3871,35,19,2024-10-24,Homepage,Click,171.0
3872,100,3,2025-10-06,Homepage,View,42.0
3873,26,13,2023-12-17,Homepage,View,240.0
3874,52,7,2023-11-27,Homepage,View,279.0
3875,73,3,2023-02-11,Homepage,Click,74.0
3876,95,17,2025-10-30,Checkout,Purchase,231.0
3877,49,13,2024-09-07,Homepage,View,59.0
3878,20,1,2025-03-30,ProductPage,View,263.0
3879,54,18,2025-07-13,Checkout,Drop-off,
3880,22,6,2023-10-17,Homepage,View,61.0
3881,58,18,2024-08-27,Checkout,Drop-off,
3882,13,20,2023-05-27,Checkout,Drop-off,
3883,47,20,2025-04-05,Homepage,View,43.0
3884,71,16,2024-04-23,Homepage,View,44.0
3885,96,3,2023-01-02,Checkout,Drop-off,
3886,90,9,2024-05-15,Homepage,View,163.0
3887,24,14,2024-10-14,Checkout,Drop-off,
3888,76,14,2023-11-27,Checkout,Drop-off,
3889,55,13,2023-10-16,ProductPage,View,217.0
3890,70,11,2024-05-05,ProductPage,View,240.0
3891,46,14,2024-04-18,ProductPage,View,100.0
3892,61,14,2023-02-04,Homepage,View,198.0
3893,70,17,2025-09-16,ProductPage,View,217.0
3894,47,8,2023-02-18,Homepage,Click,91.0
3895,26,1,2024-11-14,Homepage,View,300.0
3896,3,20,2025-07-11,ProductPage,View,215.0
3897,39,18,2023-11-06,Checkout,Drop-off,
3898,22,17,2025-09-21,Homepage,View,74.0
3899,28,6,2024-08-29,ProductPage,View,263.0
3900,40,7,2024-04-29,ProductPage,View,152.0
3901,3,4,2023-05-01,Homepage,View,69.0
3902,48,4,2024-11-21,Homepage,Click,118.0
3903,67,10,2023-09-17,Homepage,Click,215.0
3904,74,13,2023-03-18,ProductPage,Click,27.0
3905,84,19,2025-07-29,ProductPage,Click,133.0
3906,60,13,2024-10-31,ProductPage,Click,256.0
3907,21,16,2024-10-24,ProductPage,Click,99.0
3908,49,17,2024-01-28,Homepage,View,76.0
3909,36,4,2023-07-18,ProductPage,View,198.0
3910,16,2,2025-07-26,Checkout,Drop-off,
3911,85,6,2024-07-16,Homepage,View,123.0
3912,99,9,2025-06-13,Homepage,Click,143.0
3913,45,9,2023-11-15,Checkout,Purchase,66.0
3914,11,6,2023-02-18,ProductPage,View,297.0
3915,28,19,2025-04-26,Homepage,View,18.0
3916,85,6,2023-10-14,ProductPage,View,46.0
3917,5,1,2025-10-04,Homepage,View,188.0
3918,50,16,2023-02-08,Homepage,Click,157.0
3919,94,5,2025-04-19,Homepage,Click,191.0
3920,19,5,2025-09-06,ProductPage,Click,40.0
3921,64,10,2023-09-20,ProductPage,Click,251.0
3922,68,5,2023-11-13,ProductPage,Click,165.0
3923,92,19,2025-08-24,Homepage,View,98.0
3924,84,16,2023-05-08,Checkout,Drop-off,
3925,89,4,2023-05-01,Checkout,Drop-off,
3926,72,2,2024-04-06,ProductPage,View,266.0
3927,71,19,2023-10-10,Homepage,View,277.0
3928,39,5,2025-04-06,ProductPage,View,221.0
3929,64,6,2025-08-06,productpage,View,55.0
3930,2,9,2024-09-22,Homepage,Click,260.0
3931,67,20,2023-06-26,Homepage,View,205.0
3932,86,14,2023-11-02,ProductPage,View,113.0
1592,80,17,2023-06-08,ProductPage,View,148.0
3373,79,17,2025-04-05,Checkout,Drop-off,
677,83,8,2025-12-23,Homepage,Click,262.0
1044,37,10,2024-01-17,ProductPage,View,251.0
2043,8,20,2023-06-19,Homepage,View,69.0
3401,10,16,2023-02-27,Homepage,Click,33.0
3912,99,9,2025-06-13,Homepage,Click,143.0
203,44,11,2024-12-28,Homepage,View,230.0
404,30,13,2023-04-22,Homepage,View,112.0
3881,58,18,2024-08-27,Checkout,Drop-off,
1340,64,9,2023-08-19,Homepage,Click,49.0
676,67,8,2023-01-15,ProductPage,View,91.0
2760,48,12,2025-06-10,ProductPage,View,45.0
2819,40,5,2025-05-24,homepage,Click,299.0
2501,79,3,2023-08-14,ProductPage,View,146.0
3369,54,12,2024-01-06,ProductPage,View,31.0
3698,94,11,2023-03-29,Homepage,View,76.0
3748,9,20,2023-02-15,Homepage,Click,39.0
1905,76,10,2024-07-06,ProductPage,View,171.0
151,79,20,2023-11-04,Checkout,Purchase,298.0
2247,38,18,2025-04-25,Checkout,Drop-off,
3051,94,10,2024-04-09,Homepage,Click,147.0
3053,33,4,2023-10-05,Homepage,View,34.0
2668,91,9,2025-10-27,Checkout,Drop-off,
2511,5,19,2023-08-30,Homepage,View,207.0
3930,2,9,2024-09-22,Homepage,Click,260.0
3779,70,3,2023-11-11,ProductPage,Click,108.0
520,42,16,2025-07-13,Checkout,Drop-off,
687,90,6,2023-09-24,Homepage,View,10.0
2796,69,7,2025-05-25,Checkout,Drop-off,
2912,64,19,2024-03-08,Checkout,Drop-off,
2991,22,19,2025-01-19,Homepage,View,193.0
3763,24,8,2023-11-09,ProductPage,View,215.0
3166,45,9,2024-07-26,Homepage,Click,266.0
3266,56,18,2025-09-01,ProductPage,View,105.0
3781,54,8,2025-04-14,Homepage,View,250.0
3127,94,20,2024-01-27,Homepage,Click,39.0
746,32,20,2024-08-25,Homepage,View,127.0
1533,71,20,2025-05-05,Homepage,View,154.0
841,27,6,2025-10-18,ProductPage,View,244.0
3609,14,5,2023-03-05,Checkout,Drop-off,
2015,42,20,2025-08-01,Checkout,Drop-off,
3724,70,18,2024-05-19,Homepage,View,70.0
3559,84,5,2025-02-01,ProductPage,View,21.0
3643,32,1,2025-10-12,ProductPage,Click,205.0
1931,26,4,2023-07-22,Homepage,View,133.0
3256,8,8,2024-05-08,Homepage,View,55.0
443,98,5,2023-09-04,Checkout,Drop-off,
1284,34,14,2023-12-22,ProductPage,View,190.0
3139,71,13,2023-08-27,Checkout,Drop-off,
703,60,16,2023-08-30,Homepage,View,23.0
3852,99,5,2025-09-07,ProductPage,View,205.0
2655,84,4,2023-10-09,Homepage,View,146.0
911,57,20,2023-01-23,Homepage,View,209.0
1987,66,14,2023-06-11,ProductPage,Drop-off,
2750,8,19,2024-04-23,Homepage,View,40.0
1125,59,18,2024-01-04,ProductPage,View,202.0
664,41,18,2025-01-30,ProductPage,View,59.0
2162,26,15,2023-06-09,Homepage,Click,219.0
2653,86,2,2023-06-08,productpage,Click,247.0
2875,51,19,2023-01-30,Homepage,View,106.0
23,58,1,2023-07-05,Homepage,View,48.0
3671,50,14,2024-02-14,Homepage,View,216.0
494,29,6,2024-10-27,Checkout,Drop-off,
2759,81,3,2024-08-23,Homepage,View,288.0
97,92,19,2025-05-26,Homepage,View,203.0
1790,10,13,2023-11-01,Homepage,View,111.0
3232,84,9,2023-10-28,Homepage,View,125.0
2874,36,12,2025-07-03,Checkout,Drop-off,
3193,92,16,2024-04-01,Checkout,Purchase,38.0
853,69,12,2024-11-02,ProductPage,View,91.0
1849,67,12,2024-09-04,Homepage,View,76.0
2935,99,3,2023-04-05,Homepage,Click,82.0
3531,70,5,2025-08-04,checkout,Drop-off,
1705,54,15,2025-12-14,Homepage,View,97.0
1248,17,8,2023-12-13,homepage,Click,153.0
2837,75,3,2023-06-13,ProductPage,View,195.0
2773,23,4,2025-08-15,ProductPage,View,79.0
3576,97,3,2024-10-30,ProductPage,View,178.0
